0 516,1678
1 1998,1705
2 2691,6627,1252,5943,7002,704
3 2196,4904
4 2195,1533
5 2195,3583,2794,1962
6 4934,4527,6332
7 2108,6608
8 4222,7547
9 4265,4006
10 54,4475
11 4147,6940,6785,6522
12 2000,5842,1319,1084
13 6344,2659
14 7501,1420
15 426,1511,104
16 131,10,6758
17 4020,63
18 5761,1195
19 7003,3010
20 4831,7002
21 4755,417,8327
22 4244,7996,3442,2343,168,7419,1926,7700
23 5354,96,2129
24 352,3723
25 2148,1112,3799,1009,8456
26 4023,5642
27 431,6977
28 4344,7496
29 571,6566,5298,4581
30 2664,6294,7236,493,4288,2283,8305,4448,5435,5412,1811
31 1748,5913,6395,1884,3998,7326
32 7211,4757,4347
33 5928,6592
34 1461,3774,7988
35 2277,56
36 2983,8154
37 2794,2280,6620,1009,1218,7082,7886,1962,1252,8104,5766,7002,1905,4617
38 2301,199,1682
39 7284,2877
40 6181,970,261
41 503,1009,15,4099,1218,1905,269
42 5914,8157
43 8,1624
44 6633,8284,7967,5751
45 1469,2480
46 6595,4196
47 3256,5751,7002
48 2051,6456
49 1252,6496
50 1741,259,4413,8456,1962
51 5317,2072
52 2582,7708
53 5153,2839,2824,1579
54 4413,4999,844,6332,7566,5761
55 430,3583
56 7297,5590,4134,8377
57 3128,4054
58 5005,1999,2920
59 2618,3673
60 7034,7002
61 2193,7077
62 7814,837
63 1084,6594
64 4700,5786
65 7605,5385,2944
66 6337,2490
67 7800,6277
68 5141,5504
69 5237,5065
70 8190,5664
71 6757,2006,7002,7374,7967
72 6885,7415
73 4819,2763,7806
74 3370,5121,905,5385
75 1282,2430,871,3433,7416,1801,2851
76 876,5889,8516
77 5192,5761
78 6079,7172
79 6204,289
80 5365,1776
81 8362,3779,7978
82 675,3867
83 8450,4369
84 8104,8194,7896
85 6929,7124,2252
86 4148,2920
87 3159,2691,1271,6905,411
88 940,7454
89 7007,3153
90 3228,5808,5105
91 1691,3564
92 5307,4833,752,7097
93 3831,6027
94 7886,1252
95 8372,6758,5477,10
96 8372,131,232
97 54,5854
98 1508,6656
99 6449,7554,3687,3119,6445
100 3107,3942
101 3356,85
102 1037,7742
103 1444,3073
104 5859,2003,1962
105 7566,4413,321,7862,1741
106 3112,4755
107 8156,5197
108 7802,470
109 269,5601
110 1237,7723
111 7220,5714,5480
112 4307,6109,1414
113 833,2063,236,5801,2080,5076
114 2215,2256
115 5943,7002,7598,6452,567
116 8296,3318,2983
117 290,5950
118 895,3348
119 6452,1907,1962,6627
120 4548,5468
121 1154,1827,4429
122 7632,1035
123 6400,4016,705,3909,6183,6619
124 2278,5557
125 4607,7974
126 7419,3442,7996,1926,6174,2343
127 2983,4644
128 382,4409
129 7488,5572
130 4812,5082
131 7569,1907
132 2148,1252,6198,3799
133 5472,8006
134 1965,4458,390
135 8104,2013
136 4249,980,5916
137 3658,5632,1594
138 8487,8120
139 5193,1981
140 4050,2347
141 1080,1140
142 7605,4296,5385,5121,3370,447,7133
143 5554,3715
144 7905,6543
145 4065,3152,469
146 7927,2956
147 4907,5589
148 2698,1176
149 7864,3466
150 3817,4098
151 3329,6378
152 3210,1521
153 3224,1563,3935
154 4986,7708,8085,5240
155 4819,6285,4413,7806,2691
156 773,375,4244,7419,6174,2343,7996,3593
157 608,7020
158 5054,874
159 3668,7898
160 1833,1947
161 6523,493,2283,3557,1811,5435,3483,2664,2688,5412
162 750,6869
163 180,7327,6564
164 6684,7993,7585,7006,6883
165 950,4020
166 6883,3645,5981
167 2072,7521
168 8011,3652,7018
169 3628,3958
170 1328,1889,3256
171 3863,4711
172 5808,895,8333,3511,3228,5105,4865
173 7506,8271
174 6611,5599
175 7742,7925
176 6368,3814
177 3513,8284,4875
178 5731,1252,2881
179 287,2971
180 2716,2721,3968,4690
181 2992,812
182 5210,7806,3057
183 753,8002,3886
184 8362,684,1503,987
185 6809,2260,6198,3774
186 8261,3149
187 2588,4701
188 6684,4418,5981
189 2063,5926,2080,5801,833
190 8437,4550
191 1578,7321,5576
192 1053,2928,6271
193 5210,8379,5764
194 68,1541
195 4386,3035
196 5283,6361
197 4039,6866
198 3093,2974,1122,4122
199 2968,1713,2022
200 6581,3179
201 8586,5318,8301,3226,2049
202 5881,4790
203 182,292,720
204 5583,1846
205 5001,2057
206 5972,4803
207 5884,269,6883,1702,201
208 3687,8558
209 7886,7598,5859,1905,4413,3379,5550,4531,2129
210 90,7598,7173,1905,4222,7114
211 5845,3841
212 2916,4583,6712
213 6395,6482
214 4533,1567
215 2794,7021,1189,6605
216 8487,8120,5054,5241,2691
217 919,6737,3477
218 6679,4250
219 2003,1252,7598
220 6785,6522,3363
221 4390,1570
222 7632,4321
223 3110,603
224 4845,7929
225 2468,3026,920
226 4484,2139
227 183,252
228 1702,3732
229 2839,5761
230 6073,2373,1703
231 1962,4168
232 7093,821
233 5354,2129,6224,5307
234 1848,2965
235 4798,7187,2967
236 4531,3379,7886,5859,1905
237 2435,1573
238 2683,6466
239 6285,4819
240 3226,5318
241 3583,3563
242 6099,712,3893,4413,4069
243 2759,6452
244 908,7729,8631,1871,6963
245 608,8104,3112,7007,1962,6073
246 5220,2722,4098,3817
247 65,7164,6024,8199
248 5537,3149
249 493,1159
250 7654,1412,6560
251 4869,3276,8006,6384,2762,6035,5472
252 4262,7745
253 1619,5950
254 6107,5981,6684,1101
255 4326,5051
256 2773,1811
257 227,3325
258 1178,5021,3318
259 638,3149,8261
260 8113,4367
261 7901,6240
262 4755,3705,874
263 3893,2148,608
264 5761,7374,1562,3658
265 3256,7002,2759
266 6198,1991
267 6046,598
268 2373,1962,5983
269 7698,2542
270 7566,2691,6627
271 8355,6768,8607
272 1537,7729,302,3335
273 3256,3705,2517,7002
274 1995,6273,3901,2546
275 837,3591
276 5635,1244,1825
277 5452,6267
278 7550,3972
279 6242,6023
280 3151,5210,1713
281 1143,4476
282 2032,532,4099
283 8473,6543
284 4644,7142,6816
285 7262,3081,6452
286 6662,3717
287 4198,2549,6455,4122,269
288 2431,6452
289 1476,4264
290 423,4809
291 6422,5871
292 5859,317
293 3859,5438
294 6647,7998
295 4055,6528
296 3799,837,8507,3893,2373,2148
297 6202,3131
298 8532,4531,6285,2280
299 3412,4755,4363
300 8456,1246
301 1882,2209
302 7967,7002,3987
303 4321,6496
304 3673,1458
305 1713,7002,1879
306 8456,665
307 6265,8148,8195
308 1603,4287
309 6780,5100
310 6570,7018
311 774,7138
312 7985,2463
313 2916,5351
314 3374,7156
315 1811,4990
316 2219,4413,298,2128
317 3901,587
318 598,3153
319 6198,657
320 3421,3944
321 5764,1713,1691
322 6224,6090,2129
323 8070,5233
324 6541,5496
325 1414,7574,6183
326 4349,4963
327 3052,3299,216
328 4644,3318,8154,8296,2983,2968
329 2373,2148,3893,837,5761,6198
330 1932,2404
331 1630,3774
332 161,1238
333 913,1252
334 3807,7870
335 5913,7348
336 5573,470
337 4483,7046
338 5212,1621,6766
339 5780,6534
340 2881,7569,7967,8120,477
341 5877,622
342 6472,3299,3256,4527,6633,7684
343 2889,3653
344 4378,322
345 96,2288
346 3256,874,7002,2759,7967,2517
347 8033,5681
348 1162,6878,2862
349 6691,7229,5249,5606
350 1733,5024,3051
351 4986,8085,6030
352 4413,1741,8634,8137,7374,844
353 833,5076,554,5801,2080,2063
354 27,1090
355 2003,2373
356 2780,4420,5873,4270
357 2068,272
358 4562,6601
359 4666,4605,5241,1252,4527
360 6970,5940
361 980,5916
362 3804,8574
363 54,7509
364 1706,7287
365 6803,5462,221,5123
366 7012,3370
367 3839,2232
368 5151,6890
369 3004,7100
370 4099,1722,5829
371 5685,1807,5449,4380,246,4938,5440
372 8562,466
373 5286,375,2343,5899
374 5764,3057,79,6503,5210
375 1908,591
376 96,4833,2129,5307
377 6582,1810,1219
378 729,5700
379 844,2373,3379,6421,5859
380 5220,3817,1543
381 2512,6605,5906
382 6359,595,7829,1227
383 5462,4654
384 432,8481,416
385 4413,1271,4531,1962,2691
386 8634,810,4413
387 7805,5448
388 7967,4842,6627,1195
389 4148,8049,2005,5005,2920
390 285,6622,2343
391 3620,4435
392 1594,6198,6242,3142,3893
393 3687,5277,6852
394 6871,3817
395 3770,2336
396 7002,5943
397 5412,1159,3865
398 8487,5054,2691,704
399 3379,7834
400 3186,8223
401 2404,7521,2780
402 1558,3047
403 4009,2983
404 3326,1500,5086
405 5844,4302
406 5753,1426
407 2517,1328,3705,7002,874
408 1683,7672
409 2129,5307,4833,752
410 1285,6422
411 3370,108
412 3379,1962
413 1380,4040
414 477,4755
415 960,7894,1155
416 309,8623
417 5001,460,2652
418 3264,2826
419 4436,6029,953
420 2057,1404,75,1727,3015
421 5871,1285
422 1836,8045
423 7889,302
424 7186,1306
425 4679,6640
426 306,8254
427 6063,2172,6866,3105,3505
428 5859,6285
429 1,5125
430 1718,1962,6605
431 6490,6229
432 5755,5592,2718
433 8413,6403
434 7974,844
435 8372,232
436 704,5943
437 2835,6942
438 7343,910
439 3491,2631,5141
440 2475,848
441 4531,1962,4413,8618
442 1630,4264
443 1178,8296,8379,3318,2022,2242
444 5751,616,16,3122,4390,186,3715,2525
445 7742,1037,7925
446 5878,7020
447 6605,7021,1009
448 2840,5021,844
449 8314,6866,3505,4710
450 5269,2811
451 2784,4815
452 5317,1508
453 844,5859,7255,7374,4413,8634
454 1926,7996,8001,3616
455 7679,7501
456 2824,1690
457 7701,7569
458 4545,5635,2265,5761
459 3338,5497
460 5055,2486
461 5972,1165,2974
462 7442,334,1211
463 2392,7574,7242,4307,1414,1737,6183
464 8630,54
465 5347,4619,4785
466 5055,2578,2231
467 7379,387
468 4631,1629,1721
469 2839,6242,2281
470 1902,755
471 2798,4110,6807,4367
472 3370,905,288,5385
473 28,3294
474 2278,2403,7658,5557,8061
475 574,8236
476 8235,4784
477 805,6963,7906,908,4509,8631,7729
478 7886,4360,123
479 5878,7690
480 2698,4430
481 3256,7886,5906,7569
482 8043,329
483 2995,3149,7231
484 1275,1630,2794
485 4722,7292,905,3370,7904
486 5354,2129,6090
487 5327,5275
488 4020,8095,950
489 5306,2415
490 4670,6866
491 6544,6906
492 2156,4368
493 3105,4710,1211
494 8284,7374,6627,6809,5906,2881
495 4424,798,4425
496 6787,5732
497 5019,6589
498 4454,3963
499 5901,8102
500 7469,5002
501 4514,749,4585
502 764,7398,4555,4124
503 3272,8012
504 4642,3089
505 2779,7852,205
506 4562,7817
507 7599,3736
508 657,4833
509 2265,4545
510 4235,7063,3792
511 8002,5210,3321,7385,2596,8324,6198
512 175,5398
513 7202,1409
514 1527,7100
515 2283,4288
516 4903,4245,7130
517 2794,1019,1630
518 1295,821
519 7998,2648
520 4933,4753,4413
521 2829,7783
522 241,1962
523 5333,2067
524 3321,7385
525 6809,7374,1513,3774,6099,2517
526 3363,6785,6522,4147
527 8612,7377
528 6979,7422
529 4365,5502,3772,898,4267,3360,7607,8607,8355,699,4474
530 3370,4722,905,2944
531 8089,3658
532 7535,3589
533 1655,911,6551
534 5239,3395
535 2813,3838
536 2691,4413,2839
537 1119,7527
538 5780,875
539 7967,3256,3513,7002
540 3505,8476
541 8008,3904
542 3785,8362
543 1702,201,6883,3583,3684
544 3025,467
545 3159,1636,6495
546 785,5977
547 3505,2172,6866,1211
548 5991,6155
549 5456,1553
550 8534,8246
551 5601,2431,3513
552 6503,1397
553 8420,5411
554 844,6572,3893
555 809,286
556 1741,6782,4753,5635,1461,1513,7374,5761
557 8456,1252
558 5496,6541,6014
559 8558,7554,3687,6852,2608,6449
560 2048,8332
561 7447,1713,598
562 6073,1962,7896
563 2215,6745
564 5385,4949
565 2977,4478
566 3465,4807,1970
567 6490,3175
568 2968,3893,2022,2983,5438,8379
569 4163,5494,3671
570 8555,867,6856,6818
571 2022,5595,2968,4644,5438,79,8296,2983,2316,5764,3318
572 2986,737
573 3705,874,8487
574 5900,953
575 3883,8529
576 2145,6748,79
577 7696,8615
578 3724,2935
579 4591,1733
580 3092,7841
581 8369,46
582 6073,1627,54,1703
583 4591,7889
584 1727,370,2227
585 131,7329,7772
586 5028,191
587 3318,2968,4644,1178
588 2527,1863,8444
589 2383,3664
590 7442,8128
591 5731,4755,8120
592 3870,5148
593 2964,311
594 7142,2455
595 1717,3873
596 8130,1841,3880,3219,2379
597 2587,2555
598 3726,5397
599 7500,3893,2238
600 1703,7896,6970,6073
601 8585,51,3325
602 8166,8262,6574
603 3510,2877
604 6724,6719
605 4429,3300
606 2155,2798,7475
607 7598,1170
608 2483,6578
609 2267,4472
610 8502,3046
611 3264,3387
612 36,5761,321,2614,2839,4413,6111,8137,7806
613 5435,5412,2773,7236,8305,4288,4448,2283,2853,1811,2688,493,2664
614 3370,2944,5385
615 7223,2766
616 5902,7130,2802
617 3167,8022
618 1211,2794
619 4999,3886,3893,4413
620 6680,6799,6037
621 4981,2293
622 3023,2364,8421
623 5271,4107
624 1809,8381,7461
625 321,4963
626 4454,2783
627 5251,2165
628 5385,7610,8325,5121,3370
629 3921,290
630 2983,8296,3318,4644
631 3571,2039
632 3589,6187
633 4099,306,7800
634 87,1950
635 4977,7908
636 5645,4417
637 6816,3893,7142,4644
638 1630,2825
639 7723,4187
640 54,6821,4475
641 1009,2882
642 7906,6963,908
643 7002,1513,7967
644 1741,6344,7817,3893,2373,5761,7385
645 4413,8634,7566,6198,1741,844
646 5635,6421
647 1938,8019
648 5177,5271,4107
649 22,8514,1967
650 7093,8080,1183
651 6818,4066,8555
652 5470,292
653 302,2825
654 4430,8487
655 1035,1563,6362
656 608,1943,8104
657 4413,1594,844
658 6093,7146,6199
659 3658,4368,4933,1594,3893
660 714,2517,7002,6099
661 7490,7633
662 8536,8412
663 4819,7806,4413
664 2780,1905,4270
665 519,7423
666 79,4373
667 6099,2517,7002,7967,7569
668 5859,6496,1252
669 7259,5735
670 2994,5699,8459
671 327,5194,3955,7340
672 7002,671,5906
673 3815,8434
674 4819,5262
675 3694,891,6452
676 2125,1888
677 5446,6585
678 6738,3627
679 4833,96
680 4191,2764,1751
681 7034,7002,3256,8284,6810,3299,6099
682 6368,7177,7185
683 7967,1513,2517
684 7264,7709,3745
685 6273,7525
686 5749,1957
687 1375,6167
688 2373,608
689 913,3403
690 2794,2195
691 7569,671,8120,8284
692 2974,1009
693 5906,1189
694 1630,7984,1275
695 6107,1101,1702,6883
696 5003,1029
697 5880,2608
698 5464,7000
699 7002,8542,1560,6099,4605,2517
700 3845,1319,5842,1084
701 1159,6294,2664,4990
702 5822,3185
703 341,5619
704 3955,8637
705 7114,7709,7264
706 2517,7002,567
707 8130,8455,2379,4211
708 1962,6073
709 5100,6524,2892,7800
710 6495,4819
711 1341,6785
712 6909,7568,7137
713 4013,7702,5721
714 8634,4264
715 1943,4066
716 1640,486
717 7002,2431,3513,3256
718 520,1839
719 1324,1213
720 5500,8459
721 79,6068,8154,3143
722 96,810
723 7569,704
724 8362,7832
725 1872,6758,131
726 2059,3709
727 5601,2003,7999,269,1252,2148,8456,2780
728 3711,2940
729 3406,4226
730 4963,4349,339
731 5484,4644
732 7093,1471,214
733 1594,4531,7002
734 7071,1384
735 4453,2709
736 8587,8565
737 292,2155,4110
738 8237,3513
739 7904,147,5121,3370,5385
740 5757,1512
741 5580,3705
742 5364,7455
743 2383,7049
744 1969,7217
745 7160,3270
746 5385,7133
747 5346,5774,1233
748 7002,1962,2195,770,90,6883,2794,3583,1905,5906,5908
749 6331,1065
750 4218,8424
751 6452,5561
752 7208,2349,8456
753 8039,3390
754 2794,334,2070,4599
755 131,1872
756 2474,4253
757 1501,6332
758 3152,5905
759 503,5604,4099
760 2535,5613
761 3981,665,1905
762 7960,1933
763 1818,6341
764 6605,7021,1962,2794,1189
765 8604,2520
766 5215,7701
767 7554,6449,3687,2608
768 1811,2688,1159
769 5601,2517,5906,8284
770 6591,512
771 4029,6023
772 5623,5230
773 6619,65,8540,7861,6024
774 2343,4840,3746,2791,7183
775 2691,2517,3893
776 8210,2330
777 1545,5638
778 7003,8538
779 8221,879,1137
780 5663,2244
781 5531,7908
782 7771,1881
783 6090,5354
784 2794,2174,4099
785 4605,4066,5943,7002,7442,1905,1009
786 2215,5528
787 2995,2565,8408
788 7998,4042
789 8456,6203
790 2575,269
791 3318,5764
792 3266,4667
793 7414,730
794 2608,6449,3687
795 7703,2360
796 3799,2148
797 4989,8595
798 5053,5229
799 2219,6977
800 269,7886,6513,7598,1905,1009,4675,4617,4043
801 3141,6360,4098
802 2717,6098
803 5354,4833
804 4406,2839
805 4658,8531,228,287,6695
806 4875,5731
807 8439,6044
808 968,6904
809 3450,3248
810 802,503
811 562,8332,8536,5721
812 2685,6117
813 7569,5943,3513
814 2122,1297
815 1714,5189,8219
816 2596,8324,7340,3057
817 7862,1741
818 201,6107
819 2757,3299
820 5709,7435,6444
821 8051,6912,4267,3360,4365,3605
822 1003,6757,874,7284,4769,3256,2517
823 1660,1213
824 7851,538
825 2946,858
826 4413,7806,5761
827 8379,8002,1181,6344
828 5761,844,6198,2305
829 740,6867
830 4474,6912,8355,4364,7795,300,3772,7607,898,8607
831 6570,1882
832 2383,4327
833 6265,8519,6832
834 4137,4222
835 4958,8435
836 119,8594,3835,4309
837 4107,5438
838 4833,4545
839 8137,2839,5761,4413,6111,6242,36
840 5873,4420
841 7180,7419,5899
842 6294,2664,1076,5412,1159,7236
843 7493,8302
844 334,2070,7729
845 1493,6977,431,298
846 7374,4753,1461,8033,6809
847 5312,5675
848 4413,890
849 638,8261
850 821,5522
851 4095,6886
852 4413,4933,4368
853 5691,1413
854 7255,1573
855 7047,1139
856 6816,233
857 4717,1034
858 1943,8104,3253
859 5436,285
860 269,7886,1905,1009
861 5220,3817
862 6121,8261,5633
863 269,8104,4617,1009,1218
864 7720,4769,5423,2636
865 2992,2500,562
866 5724,4927
867 3919,5925
868 2378,2420
869 4233,2787
870 6319,3293
871 354,2693,6440
872 8421,2364
873 2310,610,3619
874 3998,6548
875 2343,2791
876 3245,1013
877 2059,910,5395,4546
878 4022,2512
879 5866,2026
880 1943,7889,4066,8284,6452,4321
881 5091,6551,7373
882 1709,6840,503
883 1237,3374,3430
884 4727,5950,7424,7990
885 3388,7985
886 1962,1727,2373,2003,844,3893
887 8033,6809,7967,5024,7374
888 5425,2814
889 6198,7967,7002
890 1503,1063
891 4098,6360
892 4548,6035,7041
893 5680,7312
894 8194,5940,608
895 6715,1168
896 3664,1554,581
897 1905,4066
898 7078,7071
899 2004,4711
900 6830,4491
901 1713,7979
902 4413,6099,7374
903 2691,6890
904 131,6150,7772
905 2448,2469
906 7431,6111
907 7764,7816,1078,3041
908 1907,7467
909 581,6199,667,5333,1100
910 5484,5871,233
911 3658,1562,7374
912 8296,5764
913 6280,269
914 3029,1410
915 1382,5484
916 7374,4413,5761,844,3893
917 4933,4368,5632,3658,6833
918 1512,6073,1703
919 7566,321,7862
920 8377,5590
921 2928,1053,739
922 2171,1702,3645,6684
923 7002,7442,5550,1252,1905,1218,2794
924 3107,1533,5043
925 2631,3491,5141,5504
926 5298,6566,571
927 3652,1465,8261,3149,7905
928 314,8175
929 1970,4021
930 4908,3654
931 7298,2837
932 491,1882
933 3116,5298
934 5438,240
935 16,3122,186,5554
936 8046,7515,1459
937 7439,1230,3148
938 15,1009,4198
939 3687,8018,6657
940 754,3656
941 3686,3511,4865,184,3228
942 8194,1962,2239
943 7002,874,4755
944 658,2457,4943
945 1252,3799,2148
946 3142,4430,7426
947 1741,321,7862,7566
948 3905,5217
949 7174,3901,7525
950 844,7374,4753,8033,4413
951 2394,1947
952 8586,3800
953 7853,8492
954 368,7133,7610,4296,905,3370,5385,7012
955 2517,7967,2759,3256
956 3923,1843
957 608,5859,3893
958 7979,186,3122,485,146
959 8498,1097
960 4189,5129,4641
961 4107,3583,6331
962 3412,814
963 5456,5859,3893
964 6543,3743
965 1809,7461
966 4953,5893
967 2726,2506
968 180,7254,1879
969 1339,3681
970 221,5462,2967
971 5764,8379,2022,2968,8296
972 6856,867,5898
973 1751,8002,7173
974 971,4476
975 7806,3159,4413
976 4917,7962,3412
977 4413,1017
978 1328,3705
979 2722,5220
980 2686,4840,4789
981 5070,7393
982 6866,3105
983 5714,7220,7090
984 1601,7568
985 2335,912,7406,4771
986 2368,5575
987 2622,5637
988 4118,1764
989 7495,8242
990 8418,4951
991 1513,7374,844,7967
992 3705,1009
993 6664,5561,6452
994 907,2324
995 7093,1162,6797
996 485,5554,1898
997 5536,1067,5257
998 2560,1293,1183
999 403,3987,2001,8362
1000 6207,147,7292,3370
1001 6482,3998,6395
1002 4070,4915,1241
1003 2541,5743
1004 753,7340,1181,8002
1005 4649,1493
1006 6942,4344,1850
1007 8006,3552,4548
1008 5761,1454,1741
1009 2716,2706,2019
1010 8103,7822
1011 4500,1824
1012 430,6421
1013 837,5946,1636
1014 4413,7806,1594
1015 4552,2400
1016 6119,3299
1017 941,8072
1018 3505,5601
1019 8574,3198,545
1020 4225,4488
1021 8490,7445
1022 6451,5032
1023 7357,824
1024 1905,1683,5906
1025 7806,4999,4413
1026 6620,7120
1027 2780,6073,608,4614
1028 1360,244
1029 7208,2239,54
1030 4968,4296,7610
1031 2343,562
1032 6069,6399
1033 752,4833,2129,5432,5354
1034 7500,7382
1035 2517,3705,7569,6496,8284
1036 1832,7402
1037 6142,1638,4656
1038 5714,5480,6461
1039 1560,952
1040 5998,3583,7924
1041 3081,2749,6452
1042 792,924
1043 7605,2944,905
1044 3862,6373,1575,6547
1045 2780,2404,1252
1046 5943,2794,7442,7002,7569,5906,5884,1905,2431,3583,8284,671
1047 5761,1741,7374,3893
1048 8120,7967,5054,477
1049 5036,2846
1050 7862,7806,7817,4413
1051 96,2129,5529,6090
1052 5337,4124,7743
1053 5404,1691
1054 764,7743
1055 8509,5987
1056 665,8456,2305
1057 1298,7158,6996
1058 1821,4008
1059 6490,280
1060 7979,3715,6126
1061 7742,3170,1037
1062 6712,3329
1063 5638,3548
1064 1461,4753,3774,1513
1065 2596,6756,5752,7340,8324
1066 183,8292
1067 6140,6367
1068 2996,1810
1069 2258,2813
1070 6627,6809,8277
1071 7717,4983,6119
1072 7066,818
1073 3570,408,105
1074 2496,4703
1075 7284,592
1076 6942,5337
1077 201,1702,7598,6107
1078 1775,7208
1079 6809,5024
1080 518,8401
1081 4793,8434
1082 1762,1622
1083 6573,7915
1084 5401,3664
1085 1563,3924,7632,3224,3935,6362
1086 7002,4769,7284
1087 6388,4853
1088 1756,2073,2742
1089 2003,5780,4022,1962,844,5761,2373,6638,1727
1090 7743,7398
1091 8161,6883,7993
1092 8516,4256,238
1093 8023,227
1094 4644,2022,2968,3318,5764
1095 608,5940,2373
1096 3393,8522
1097 4182,7800
1098 7967,3705,3256,4444
1099 3585,3733
1100 5354,5307,2129,4833,5529
1101 1530,1493
1102 4548,4584
1103 4527,5943,5761,4413
1104 2758,6832
1105 6221,2402,1269
1106 5095,6689
1107 3295,7126
1108 1522,8110,1514,461
1109 6104,3511,1410
1110 7299,1244
1111 6521,785
1112 5323,1412
1113 6311,7661,6864
1114 54,8194,7208
1115 6483,5984
1116 3684,3238,6626,8032
1117 7896,6073,4614
1118 1738,7018
1119 2794,1218
1120 6495,2691,411
1121 7709,7114,7264,3745
1122 61,6745,4755
1123 1210,6331
1124 7229,6810
1125 3033,8128,7886
1126 287,4098
1127 5324,8414
1128 8179,7870,5399
1129 8341,1954
1130 3570,105
1131 1871,4509
1132 2198,4298,3271
1133 802,503,4099,6840
1134 4941,1565,8026,6863
1135 2691,2839
1136 7385,3893,1562
1137 4413,8634
1138 4060,6607
1139 1689,316
1140 4842,7261
1141 6968,318
1142 6204,2828,6540,7126
1143 12,6927,4609,7859
1144 3193,7385
1145 1727,2825,7817
1146 2012,8284
1147 8274,8261
1148 5060,7496
1149 433,3843,7584
1150 3240,6761
1151 1703,3893
1152 6277,141
1153 8236,7097,4833
1154 3788,2333
1155 6062,5756
1156 6343,8612
1157 3261,1981
1158 2702,151,2378,272
1159 334,7002,7442,2794,1905,5906,1252,4605
1160 6883,1101
1161 1098,6720
1162 3256,3705,7967,6757
1163 4828,6632
1164 1713,7447
1165 1579,2824,1643,5153,180,2839,5761,1991,3886
1166 4148,8049,6087,5005
1167 2983,3318,4644,4009,6383,2968
1168 7607,3939,4364,1424,4942
1169 3758,6347
1170 334,5492
1171 6758,8372,10
1172 5121,3370,368
1173 3149,7609
1174 4749,8047
1175 2211,6166
1176 7420,5591
1177 8610,7249,5515
1178 3561,4121
1179 1741,4753,6809,5761
1180 6819,1843
1181 5673,4231
1182 3379,6809,7886,7834,3495
1183 1739,3718
1184 7303,433
1185 7830,1476
1186 6316,806
1187 7304,712
1188 8284,4875
1189 2585,8353
1190 6507,298
1191 3010,7003,4268,8538
1192 1962,3942,2003
1193 5383,4109
1194 1943,7002,7569
1195 7570,3335,4509
1196 1009,3705,4617
1197 1211,6866,3505,4710,3583,5326
1198 6495,6348,2763,4819
1199 4119,1717
1200 4219,8491
1201 4617,7021,7002,1009,8104
1202 4296,3864,3370,2359
1203 7684,2525,5554,6633,3122,5751
1204 401,4876
1205 1211,8476
1206 2839,7566,1741,7002
1207 1437,5603,1237
1208 2373,7814,6285
1209 7107,1413
1210 7127,5117
1211 2824,8480
1212 7122,4531,1986
1213 7967,6099,7374
1214 844,6809,3893,2373,2003,1962
1215 2722,3817,5220
1216 2823,6575
1217 7326,2600,6482,6395
1218 2001,2670
1219 6073,8194,1703
1220 6051,2063
1221 6467,1373,107
1222 1838,8091,8310
1223 5876,422
1224 2926,5286
1225 4087,436
1226 7385,1905
1227 2954,7427
1228 2647,5172
1229 3507,3697,6676
1230 2543,3263
1231 4050,5728,7908
1232 5545,999
1233 54,2239
1234 2628,8191
1235 2565,3652
1236 3622,6408,5644
1237 5464,6335
1238 2691,6627,7002
1239 2692,7887
1240 5780,7034,8120
1241 5089,4565
1242 6424,1160
1243 2383,772,1099
1244 2565,3652,7905
1245 7968,1665
1246 2944,5121,905,7904
1247 5326,4710,5696,3505,1211
1248 8006,4548
1249 3845,5584,6594
1250 2001,4484
1251 3790,142
1252 4198,1009,7285,4738,2280,3799,4617
1253 1683,1275,6605
1254 2810,1742
1255 2971,2443,7608
1256 7324,4013,4783
1257 7136,2230,7820
1258 4336,6531,7737
1259 6727,7268
1260 4576,904
1261 6960,3741,6868,3279
1262 5021,8379
1263 7569,4755
1264 3963,4619,4785
1265 8130,6707
1266 8549,1456
1267 5184,7990,3104
1268 7002,460
1269 7806,4413,2691,321,2839,1244
1270 189,7986
1271 6142,4656
1272 2812,817
1273 1520,664
1274 6782,2593,6247
1275 1936,8010,5859,582
1276 6438,4520
1277 2676,2996,5710,5060
1278 7193,6260
1279 2885,316
1280 6537,3659
1281 5639,902
1282 8500,3382
1283 2035,4368,5761
1284 7962,968
1285 3199,4307,6109,1737,6183
1286 8284,2794,2517,1905
1287 7436,5955,5893
1288 2611,721
1289 8501,5058,859
1290 5343,8211,6012
1291 8634,1454
1292 6833,8392
1293 7297,3373
1294 3848,202
1295 844,2305
1296 5584,3845,6594,1084
1297 6099,3256,6757,4444,1889,8284,3513
1298 5054,5241,8487
1299 5780,8465
1300 2757,5638
1301 608,2239,4614,1703
1302 2968,5438,3318
1303 5076,4723
1304 7569,3256
1305 6970,6073
1306 2148,1252
1307 7522,2085,6365
1308 5601,1962
1309 4167,3064
1310 8373,6121
1311 4413,2839,2824,1643
1312 1628,1860
1313 6264,2917,7338
1314 2244,78
1315 6643,5270
1316 4753,2265
1317 1727,4389
1318 1246,3583
1319 5486,7739,7478
1320 7862,6748,2839
1321 638,5592,5755,1081
1322 3532,4433
1323 5783,362
1324 2022,6383,2983,2968,4009
1325 7394,273
1326 2971,2608
1327 8284,1733,615,4591
1328 1244,6285,2280
1329 1329,8238
1330 2155,720,7475,5930,700
1331 1133,4006
1332 6193,2825,3583,4605
1333 6941,253
1334 6833,932
1335 7333,5764,7447,1689
1336 2306,655
1337 7505,3363
1338 5100,7800
1339 7397,8293
1340 3198,7980
1341 5718,6526
1342 1252,7569
1343 8284,6099
1344 6421,2763
1345 6780,7800
1346 1979,5024
1347 306,2367
1348 8297,282
1349 6163,3637
1350 677,269
1351 2834,6291
1352 6055,8457
1353 7054,5998
1354 2003,8067,2148,465
1355 4413,5946,3015,890
1356 4015,5803
1357 5601,166,3505
1358 4545,4871
1359 5258,886
1360 7255,938
1361 7261,4755,7002,8120
1362 1636,3159,7806,529,5210,1271,6285
1363 8600,5900
1364 2658,6584
1365 4234,3211
1366 6452,7689
1367 269,7598,2139,874,7569,7723
1368 7333,5764,7447
1369 4536,312
1370 7605,2944,200
1371 874,5054,8487,2691,6930,7569,7967
1372 4719,1220
1373 1616,4083
1374 5484,233
1375 2816,1213
1376 6777,5362
1377 430,3068
1378 2455,3893,7573
1379 8077,2751
1380 8332,2042,3746,7927
1381 5561,7262
1382 4722,905,7707,3370
1383 3646,6346
1384 2275,3302
1385 5994,7521,6639
1386 3513,3256,4444,1889
1387 3230,782,7466
1388 3969,7938,4272,2341
1389 5780,3991
1390 7223,8563
1391 4838,3645
1392 459,2085,7522
1393 2432,169,8392
1394 6857,3564
1395 1359,1433
1396 3864,5121,3370
1397 4413,2389
1398 2373,1680,844,5859
1399 1737,7242
1400 1159,4448
1401 8093,4541,7544
1402 8148,8519
1403 8634,5761,3658,1454,7862,4933,4413,321
1404 5934,6686
1405 8043,2760,1290
1406 2373,844,8636,73
1407 5551,4005
1408 7065,5751,5554
1409 1213,7496,3859
1410 4307,6109
1411 5202,7446
1412 5884,4321,1218,1009
1413 2686,2350,7332
1414 5930,7473
1415 4995,4727,1619,2393
1416 1799,8287
1417 4579,5692,2713
1418 1233,4099
1419 3131,3079
1420 206,2522
1421 4006,3476
1422 3297,3025
1423 4415,8504
1424 3924,5633
1425 2267,4548
1426 6195,6088
1427 6217,1386
1428 8244,2383
1429 1322,3469
1430 6809,5761,6627,5943,1594
1431 6461,1378
1432 6144,6198,6809,3955,855
1433 1733,7002
1434 3379,7886,844,269,5550,1252
1435 2774,1700,8331
1436 7569,5906,5943
1437 8009,2624
1438 3458,2648
1439 810,3658
1440 667,7733
1441 6107,2423
1442 844,1195,1513
1443 6531,269
1444 8086,2258
1445 7297,5658
1446 1145,2239,3893
1447 3817,1254
1448 730,3462,7089
1449 1507,6292
1450 3774,8047
1451 6389,6966
1452 4098,1954,846
1453 7309,6866,7529
1454 5828,5590
1455 368,7133,3370
1456 3529,4440
1457 5285,2633
1458 4171,4225
1459 1751,618
1460 1252,6496,1352
1461 2373,2280
1462 7002,567,6452,4769
1463 6461,2423,7090
1464 7673,6372
1465 5477,10,8372
1466 7028,8527
1467 1183,4413
1468 364,2878
1469 2373,5865,5859,1297
1470 988,2276
1471 1926,539,2926,7996,1708
1472 1252,3799
1473 6452,7002,3256,6099,7284
1474 4055,5859,8641
1475 5764,3564,5916,5328
1476 3525,2003
1477 7569,7426
1478 753,3321,1643,5210,8002
1479 6881,3318,5764,5210,4644,4009,2022,374,8144,6383,79
1480 5071,6309
1481 8612,3295
1482 4147,4086
1483 2492,5859,1905
1484 665,2195,1962,2305
1485 1702,6883
1486 668,8456
1487 6572,5604
1488 3033,8128
1489 4838,7585,3645,8161,6883,2171,1702,3732
1490 3238,3684,6830,6626
1491 8487,1009,7002,6198,6532,8120,4066,460
1492 6125,4361
1493 934,1118
1494 5859,8194,844,8104,2373,1104
1495 1101,4838
1496 8127,3452
1497 6441,3053,2877
1498 5605,5366
1499 143,5755
1500 5399,3807,7870,3650,1839,8179
1501 269,1914
1502 5879,5474
1503 8556,5044
1504 1211,7984
1505 3779,5583
1506 6132,7154
1507 249,7037
1508 6210,3200,1180
1509 7834,1624
1510 6627,8236
1511 1905,3238,6626
1512 4307,7242
1513 6866,3505,2172
1514 5141,1301,3491
1515 7886,4531,3379,5859,2794,4413
1516 660,5315
1517 2995,8408
1518 8110,1514
1519 7569,1905,1879,671,4413,370,6452,1907
1520 501,6202,1272
1521 2373,7886,2003,1962
1522 8034,4548
1523 469,3152
1524 2648,3048,3458
1525 8292,252
1526 2349,8456
1527 2517,6810,4200
1528 7684,7979
1529 5830,4551
1530 702,3329
1531 8194,54,6565
1532 2749,1163
1533 4163,6312
1534 7588,7713
1535 665,3379,7836,7886,3574,1907,1252,1962,1992,6627
1536 8194,2174,7896,6073
1537 7817,5859,6198,844,1907
1538 6395,3998,7326
1539 2072,54
1540 5242,3848,282
1541 5120,7666
1542 1953,6416,2281
1543 5638,3299,4413
1544 2205,5665
1545 232,8372,6758
1546 8379,874
1547 3714,3405
1548 7598,5884,269,2139,7723
1549 334,4605
1550 2881,5943
1551 5499,6223,8379,2022
1552 3786,1268
1553 298,2389,4413
1554 694,5870
1555 386,8431,4656
1556 2,7977,4331,2747
1557 2326,3961
1558 6697,1450
1559 2886,6678
1560 1585,5378
1561 7379,5454
1562 4617,6006,503,5604,4099
1563 7211,4757
1564 6990,8455
1565 1564,4634
1566 8336,574,6809
1567 6061,4285
1568 7133,3370,7012,368,6207,4296,7610,5385,905
1569 3893,6388
1570 7225,3981
1571 5761,1594,4933
1572 5271,4107,3844,5438
1573 3574,7467
1574 6168,4198,5972
1575 124,2114,8217,4616
1576 259,7830,665,8456,2763,2305
1577 7002,5751
1578 6626,6830
1579 2343,4900
1580 4125,4457,4524
1581 105,4261
1582 6126,7979
1583 7210,5724
1584 8286,559
1585 7231,8473,8261
1586 8020,6977
1587 3236,4405
1588 2121,8198,2645
1589 8096,6551
1590 8641,4055
1591 6897,8581,2914
1592 6202,1272
1593 5603,5537,8473,7609
1594 7998,7366
1595 3333,1692
1596 8162,5276
1597 3582,492
1598 7486,269
1599 7984,1504,2794
1600 2848,5326
1601 7034,7002,4200
1602 5630,4797
1603 1689,2968,316
1604 7570,7068,7729,907
1605 6648,8230,3574,3807,2202
1606 7476,7737,2996
1607 814,8120,5054
1608 2593,3320,6247
1609 3844,4987,6628
1610 7723,2712
1611 6548,2600,5913,1066,7326,3998,6395
1612 8379,5764,5210,3564
1613 8137,4413,4999,8634
1614 2010,5969
1615 8096,5024
1616 6332,321
1617 3505,8314
1618 4531,3893,4413,1594,7002
1619 5307,5354,2129,5529,6090
1620 6285,8194,844,2691,7865,366,1962,4531,4413
1621 1137,2073
1622 7922,3996
1623 8454,4559
1624 6810,7002
1625 1624,317,7834
1626 7886,1962,4531
1627 6992,1717,6429
1628 4244,7700,7180,3593,375,7996,2343,7419
1629 201,1702
1630 3438,7395
1631 3381,3431
1632 1344,1504,1476
1633 7625,564
1634 7002,7177
1635 4753,844,6782,6809,5761,1741,1195,7374
1636 5219,3688,3513
1637 1708,1926,2926
1638 8049,6087,2920,4148
1639 4209,1012
1640 386,6142
1641 2525,5554,7684,485,5751,3715,616,6633,7979,16,6916,6126,3122
1642 1905,7345,2419
1643 7554,4098,3687,3817
1644 2585,6574
1645 7760,6020
1646 6803,5123
1647 1200,955
1648 5928,1487
1649 7207,8541
1650 4380,5685
1651 321,265,5328
1652 1178,5764,3318,2022,2983
1653 430,6715
1654 7002,671
1655 4093,1377
1656 1454,7149
1657 8138,1305
1658 748,3850
1659 5943,5241,874,3256
1660 6172,3738
1661 3397,1225
1662 3583,5550,4605
1663 2001,6320
1664 4527,6633
1665 752,657
1666 1178,8296
1667 8536,4789
1668 1811,4319
1669 4545,6491,844
1670 5606,2299
1671 7801,1939
1672 3299,4200
1673 2549,8264
1674 2343,7700,168,7996,3442,7180
1675 7967,2260
1676 3840,6545
1677 8194,1630,2373
1678 2720,4345
1679 3149,5537,7905
1680 8254,885
1681 1905,1718
1682 2818,7834
1683 648,3145
1684 8415,7833
1685 7497,1189
1686 8473,7231
1687 3256,3705,874,4444,1328,2517,7002,7672
1688 1297,8194
1689 6145,6111
1690 1104,844
1691 8494,1714
1692 1722,2735
1693 4373,2996
1694 8422,7443,4089
1695 8104,1718,2373
1696 7058,8132
1697 539,1926,7996
1698 1683,6608
1699 4413,1579
1700 7806,5210
1701 7485,4757,7211
1702 935,1079
1703 1161,4018,658
1704 3774,1513,874
1705 4413,1907
1706 1601,8284,4477
1707 5635,2288
1708 4938,1807
1709 1907,8284,4413,671,1879,7002
1710 4346,8406
1711 1698,429
1712 8332,4840
1713 2661,3109,6498
1714 3874,1627
1715 2652,4551,460,543,4191,5695
1716 269,2756
1717 608,3583
1718 1107,2925
1719 837,432
1720 980,574
1721 4116,4581,571,3116
1722 6929,7124,7514
1723 5778,1385,7772
1724 3893,2239,1703
1725 1872,131,232,8372
1726 6024,5686
1727 4413,5761,8634,7862,3658,4933,321
1728 7082,1905,1252,4617,1009
1729 2551,7322
1730 1905,3048,6656
1731 2691,4527,874
1732 7587,6821
1733 5210,5764,4527
1734 7088,6501
1735 2431,2492,517,269,1252,6333,6452,2139,1009,7442,7569,1275,7598,1905,5601
1736 5412,7719,8475
1737 3446,4603
1738 1991,4413
1739 6916,5554
1740 5151,2691,1271,7361,5946,3159
1741 1718,7924
1742 3604,5024
1743 3893,598
1744 814,3583,7007
1745 5576,1219,1810
1746 1667,5677
1747 6198,8179
1748 1378,5494
1749 4913,3952,7550
1750 5308,3326
1751 5692,2713
1752 1457,5731
1753 1643,844,4413
1754 4819,411,6495
1755 3923,1300,1549
1756 7573,4644,5484,6816
1757 180,4413
1758 8361,5275
1759 4875,2517
1760 2616,3817
1761 1181,361
1762 704,7002
1763 1211,3505,5326,4710
1764 8369,1813
1765 5751,2525,16,6633,4390
1766 2794,5906,334
1767 4323,7077
1768 4933,4775
1769 7002,7569,7284,3987,8284
1770 3960,3238
1771 831,5274
1772 4390,316
1773 5604,4099,503,802
1774 6338,3446,4603
1775 7967,3256,7002,8284,874
1776 847,6778,1717
1777 7610,4296
1778 1135,3326
1779 4476,251
1780 5469,2872
1781 3262,6490,3175
1782 6472,1979,8096
1783 2022,5438,1178,79,8379,3318,5764,2983,2968,6383
1784 4619,4454,3963,4785
1785 1078,3041,1891,1693,7764
1786 6545,4812,8304
1787 6848,571,4581,5575
1788 6285,3893,5635,5761,7002
1789 3977,271
1790 5481,6936
1791 4368,3658,7374,2265,844,1594,3893,4933,5761
1792 1211,4066
1793 2177,4897
1794 3513,7002,2431
1795 6111,4413
1796 5561,5910,3081,6452
1797 1643,2839,5761,1579,3697
1798 5385,3864
1799 4330,3091
1800 6099,8284,7569
1801 1513,1461,4421
1802 8062,3269
1803 6452,1907,8080
1804 860,3456
1805 4757,358,4347
1806 805,7906,4509,908
1807 7729,7906,4509
1808 5601,2877,2552,2431,302,7632
1809 319,6265,6832,8519,8148
1810 1965,390
1811 6424,6114
1812 7438,4747
1813 1985,6680,3364
1814 3407,7463
1815 883,852,3272
1816 2492,503,6572,5604,2794,802,1905,1009
1817 664,1520,3722
1818 5261,2086,58,940
1819 2794,4099,5604,2492,1009
1820 1214,4187,835,1704
1821 3893,3658
1822 360,297
1823 1513,3774,7374
1824 3322,4741
1825 8332,2860,5410,7465
1826 4795,409
1827 5678,5010
1828 7967,7002,3256
1829 4503,2059,5395
1830 8277,2466
1831 110,6418
1832 5282,6824
1833 1076,2283
1834 8120,4755,1252,6198
1835 6788,6837
1836 8189,2760
1837 1962,844,8194,7865,4531,366,4413
1838 8589,6793,3745
1839 236,1474
1840 7849,593,3441
1841 3712,438
1842 5215,3800
1843 16,616
1844 7566,4413,8634
1845 1594,4413,6627,1907,1879
1846 3893,2022
1847 8135,2286
1848 5456,6668
1849 2224,8247
1850 7701,1238
1851 5005,4148,6087,2005,2920
1852 7999,2909
1853 3748,322
1854 1424,7607
1855 7757,1217
1856 5054,8120
1857 6198,4819,2763
1858 2760,8043,4064,8189,3193,1290,1316
1859 5241,3412
1860 1689,6857
1861 5529,4833
1862 3057,7500,1181,5764,8379,5210,2022,1879
1863 7374,1195,4842
1864 240,2885,1689
1865 6809,3774,7448,6099,2517
1866 6354,803
1867 4798,221
1868 1460,7927
1869 3514,4754
1870 5761,1454,823,1741
1871 4373,2996,6068,79,2145
1872 4160,8065
1873 7693,6353,1036
1874 643,7360
1875 4902,8564
1876 8501,74
1877 7633,3073
1878 6605,5906,1275
1879 7183,2791,5900
1880 8379,8296,4644,5438,2022
1881 5930,700
1882 7002,2856
1883 7708,2582,5240
1884 6964,7864
1885 4127,3278
1886 5209,6167,2975,1375
1887 5946,1962
1888 6547,1182,4035
1889 1594,6198,5761,4413
1890 4999,4413,2839,5761,1741
1891 1248,1052
1892 2794,1962,8456,90
1893 757,805
1894 6809,1741
1895 2343,7180
1896 5031,1211,6866
1897 8125,3886
1898 7374,3658,2265
1899 4296,2944,7904
1900 3256,704
1901 1643,6045
1902 8473,2995
1903 1271,6905
1904 6605,2512
1905 7255,3379,5859
1906 3981,2648,3048
1907 8085,2427
1908 7461,4
1909 7084,5933
1910 5980,6333
1911 3268,7164
1912 7684,5751
1913 940,3370
1914 437,4050
1915 4971,6084
1916 1629,4189
1917 6496,7374,3774,6099
1918 1252,7598,1630,3513,907
1919 5944,8205
1920 3678,8055,7000
1921 484,6342,76
1922 2032,6595
1923 7736,840,336
1924 3893,608
1925 2759,7967
1926 5141,6166
1927 2903,8473,1437
1928 5906,7598,2431
1929 8473,6112,6630
1930 284,3142,4430,5054,6598
1931 6866,3505,1211,4710,5326
1932 1183,1729
1933 8574,7980,545,3198
1934 8631,908,5014
1935 7967,2206,1535
1936 4527,5764
1937 7750,7349
1938 7632,6452,2159,302
1939 3122,3715,6916
1940 6001,7346
1941 2753,2012
1942 233,7737
1943 4509,805,92
1944 8452,7013,5215
1945 664,356
1946 7591,4747
1947 8415,4868
1948 3142,2691
1949 890,837,4413
1950 1905,2305
1951 7886,1252,4360,8456,3379,1962
1952 3085,6723
1953 1907,4599,1189
1954 7007,3583,1718
1955 6207,5385,2944,905,3370,7605
1956 682,5441
1957 7501,8244
1958 712,844
1959 445,3658
1960 439,6331
1961 793,298,6977,2219
1962 6015,8545
1963 780,2942
1964 4667,6285,3266
1965 7733,2383,7501,8244
1966 657,2281
1967 6164,671
1968 4446,2441,5764
1969 8113,4367,6807
1970 2383,1867
1971 7904,2944
1972 2816,5195
1973 7886,1907,844
1974 3707,7755
1975 2350,4212
1976 671,6099,3299
1977 8372,1872
1978 2022,2968,8379,8296
1979 1009,1218
1980 6198,2691,4755,8120
1981 6331,3583
1982 8450,5147
1983 6395,945
1984 844,1195
1985 4871,8169
1986 5848,8516
1987 746,5504,6166,5141
1988 4598,2195
1989 7437,7144
1990 3687,2971
1991 4211,6707,8130
1992 838,3187,6490,3175
1993 2697,3648
1994 2765,5023
1995 807,7985
1996 6087,4148
1997 6183,1414,7242,7574,4307,1737,6109
1998 2270,7598
1999 8247,4545,2239,3893,6532
2000 5859,7374
2001 823,7967,6627,8236,7566,1195
2002 4448,6294
2003 2691,630
2004 844,1630,907
2005 1571,7217,2386,7504,4927
2006 5646,949
2007 7231,6570
2008 2843,4022,286
2009 8297,282,32
2010 8562,6572
2011 2691,6198,6242,3142
2012 1285,1397,5871
2013 6874,706
2014 3625,550
2015 375,6174,2343,3593,4244,2332
2016 2011,3355
2017 1297,2373,1703,8194
2018 7201,2207
2019 6656,3048
2020 6634,6964
2021 576,71
2022 2148,254
2023 4389,704,2156
2024 7065,3800
2025 6677,4882
2026 6452,8002,7632,753
2027 1503,8171
2028 2972,3802
2029 7736,4890
2030 7442,334
2031 1629,4641,4189
2032 1807,4380
2033 7817,6285,2691,5761,2839,4999,4413,1271,7806,6332,1562,1636
2034 3860,2283
2035 7382,5857
2036 6866,4554,4710,5326
2037 5926,5801
2038 2375,1291
2039 2148,2050
2040 6096,6420
2041 5004,3936
2042 8113,4110,6807,4367
2043 5601,7886,3379,8010,1252,8456
2044 7806,2691,2839,6285,1271,1636
2045 6162,6109,7242,1414,1737
2046 7093,2557,2749
2047 4413,7340
2048 4022,4306
2049 5214,5215,1238
2050 6884,2210,1720
2051 5859,1905,8010,837
2052 2003,6572
2053 833,2063,2080,6485,5076
2054 1926,981
2055 7708,2427
2056 7346,4755
2057 2568,5780,1475
2058 6325,5769
2059 4602,4975
2060 668,6073
2061 1874,7702,7324
2062 5286,1926
2063 7002,7967,1879
2064 6445,7554,6449,3687
2065 3505,4554,2848,6950,6866,8314,5326,6636
2066 6777,3521
2067 259,4196,665
2068 4531,1962
2069 1565,1223
2070 2265,2839,5761,4413,2148,4999,1741
2071 2600,8371
2072 6073,7896,8104,6970
2073 777,4560
2074 3318,7983,1178,79,5210
2075 6815,3222
2076 3379,7886,7082,1905,4531,1009,2794,269,5859,5550
2077 3583,7886,1962,6073,2195,913,2228,8507,430,5441,2373
2078 7641,8160,822
2079 8362,5039,2670
2080 2003,2148,8067
2081 1468,2407,6789
2082 2178,1505
2083 7173,4003
2084 4962,5016
2085 5674,3733,7711,2893,5866,556
2086 916,7132
2087 7729,6963
2088 6630,8261
2089 7496,3658,4344
2090 2173,8059
2091 1636,2839,4413
2092 8332,1197,2500
2093 6633,5751,3256
2094 8304,3840
2095 3959,7620
2096 7598,1702,4776
2097 8096,6551,3507,6676,7373
2098 1713,7817
2099 7137,3629
2100 7806,529
2101 7862,3893,4413,6111,6099,844
2102 890,1244
2103 6049,4413
2104 4099,1722
2105 2567,7027
2106 2373,5859,1630,844
2107 7435,2132
2108 5605,3521,5366
2109 3955,5194,327
2110 8033,1069
2111 2381,4612,7596
2112 6332,844
2113 6562,1529
2114 7002,2040
2115 5213,1521
2116 3379,2409
2117 6547,3862,4035
2118 75,704,6046,6627,7817
2119 7530,3711
2120 6759,7255
2121 7444,6211
2122 8296,5764,2968,3318
2123 6362,2552,6452
2124 7886,2882,2003
2125 302,6452,7632,5108
2126 334,665,1962,2195
2127 953,397
2128 1554,5253,581,7049,6818,667
2129 7658,5557,2403
2130 491,2995
2131 8497,1835
2132 8126,6366,6411
2133 6023,36,4413
2134 3505,2848,6636,4554,6866,8314,5326
2135 836,1908
2136 4705,4873,1886
2137 6507,238,298,1493
2138 1053,797
2139 5005,8049,2005,1999
2140 4665,5982,4330
2141 2933,8509
2142 3913,3916
2143 6245,5226
2144 1905,7830,1992
2145 8261,7231,3652,7905,8408,2565,8473
2146 1905,7007
2147 8047,8261,491
2148 2839,5790
2149 874,8284,4605,3256,7002,7967
2150 4347,4757
2151 1636,2859,7806,4413
2152 525,6741,4011
2153 2941,1787
2154 5943,7862,1741,5761
2155 1974,8194
2156 1810,3747
2157 6646,3442,1926
2158 4403,562
2159 1962,844
2160 6870,796
2161 5438,2022,1181
2162 7967,4430
2163 2934,6620
2164 5137,5273
2165 5799,7850
2166 2968,8379,3318,2983,2242,8296
2167 6495,4413,7806,3159,4819
2168 2291,4452
2169 1713,3013,598
2170 2013,5367
2171 2227,47
2172 6057,5700
2173 6452,1222
2174 1104,4781
2175 99,3979
2176 4448,5435,6252
2177 3256,7002,7569,2517
2178 7476,4302
2179 724,7426
2180 131,6150
2181 4768,3896
2182 5279,1162
2183 4083,6564,180
2184 4002,4105
2185 987,2431
2186 1801,3433,871
2187 1504,1905
2188 3342,1487
2189 2494,8117
2190 2885,7476
2191 2129,5859
2192 1907,1905,3248
2193 2983,8296
2194 2403,2278,7658
2195 7684,7979,5751,6633,146,7065,3715,3122,16
2196 4256,2485
2197 1926,7180,7419,2343,7996,4244,7700
2198 4545,2129,2839,657
2199 2574,5192
2200 7002,7967,2759
2201 4113,6005
2202 7002,7890,5751,2757
2203 8402,6093
2204 1414,6183,6162,6109
2205 4985,885
2206 2918,838
2207 8247,844
2208 1124,599
2209 2404,5890,2780
2210 5884,7889
2211 7562,3981,1718
2212 807,1148,7408,5796
2213 2608,3687,8018
2214 8258,8269
2215 1722,7800,4099
2216 503,532,5604
2217 2189,4238
2218 1268,3568
2219 4266,7361
2220 1093,5684
2221 1594,7393
2222 3318,8379
2223 6253,3923
2224 2239,6073
2225 4527,1306
2226 1818,1252
2227 3357,4995,8294,3563,4454
2228 6550,7980
2229 5595,8251,4086,5098
2230 923,4321
2231 2816,5195,8254
2232 1727,1594,7806,3886,2691,4413
2233 2848,2262,3505
2234 8166,2072
2235 485,2062
2236 2446,4446
2237 444,3016
2238 3687,7554
2239 4198,2205
2240 7996,1926
2241 3842,6376
2242 4003,1834,5884
2243 3913,5850,3916
2244 185,5769
2245 6164,1879,671,1138
2246 240,6857
2247 5767,3904
2248 7897,7736,840
2249 4223,4963
2250 2794,1905
2251 5438,5499
2252 3583,7007,1718,8120
2253 5930,4110
2254 1529,4302
2255 1425,1723
2256 2425,5592
2257 5816,8012
2258 3864,2359,5385
2259 7817,2373,8634,844,5635,4413
2260 8636,1905
2261 6832,8148,7022
2262 6452,891,3081,2749
2263 8126,1117
2264 2049,7766,51
2265 6270,4611,4092
2266 6664,3081
2267 4981,460,4368,7806
2268 4288,6294
2269 7570,907,5014
2270 242,6085
2271 7398,4555,764
2272 3105,7598,872
2273 6293,5672
2274 3405,3171
2275 889,3883,7614,8529
2276 3780,1514
2277 7121,8560
2278 7294,6258
2279 7002,3021,7431
2280 3981,1718
2281 373,5320
2282 7566,4753
2283 5210,8002,3321
2284 7374,6809,7967,8033,844,1195,1513,4753
2285 6452,6099,7002
2286 6335,7000
2287 5604,2032,2576,4099,503,6840
2288 3043,7214
2289 8194,6572
2290 3048,3458
2291 840,8453,7897
2292 6758,1872
2293 6680,3181
2294 8104,6073,2013
2295 167,8344,2860
2296 2460,3824
2297 2293,4099
2298 2745,276
2299 5994,2072
2300 7225,6073,6970
2301 4527,2691,8120,1936,4531,4413,5054
2302 3987,4605
2303 1992,2195
2304 7333,7822
2305 5951,5687
2306 3326,5086,919
2307 7002,3299
2308 2383,1331,8244
2309 3398,3718,2807
2310 5693,394
2311 4978,4019
2312 6949,5792
2313 1379,3909,705
2314 5456,6496,5859,8010,1936,3379,2763,844,7255,582,4999
2315 5500,707
2316 2760,4064,8043
2317 5470,292,5930
2318 6073,4614,1703,7896,3893
2319 5344,3762
2320 5848,6737
2321 2058,3923,5550,1549
2322 720,6037,292
2323 4397,3213
2324 7806,3244
2325 5660,2873
2326 5438,8379,2968,79,2022,1178,2983
2327 96,5529
2328 5516,3801
2329 1718,1275
2330 7576,5018,4402
2331 5347,4785
2332 4855,4611
2333 3886,1741,4999
2334 913,1962,1252,2373,3799,2195
2335 8237,1953
2336 1252,2148,2003
2337 1461,7988
2338 6285,2691,8194
2339 1405,293
2340 1882,638,491,8261
2341 7184,4272
2342 1252,269,5601,1962
2343 6285,6905,411,2691,1271
2344 1097,3967
2345 2001,1351,3779
2346 3955,8324
2347 7573,4239,6816
2348 618,8282
2349 8284,6099,3299,3256,7002
2350 1728,5560
2351 6833,6942
2352 3921,8621
2353 1473,140
2354 5800,2027,3109,2661,6498
2355 3645,1101
2356 7558,4067
2357 5484,6816,1382,4644
2358 7993,6107
2359 814,3583
2360 7054,8105
2361 3299,2517,6099
2362 378,6804
2363 7014,8456
2364 2148,3886
2365 3696,7759
2366 4070,1241
2367 1727,1741,3658,844,3893,7496,4413,7862,5761,2373
2368 8189,8043
2369 4018,658
2370 2893,7134
2371 582,1009,1630,2794
2372 1101,6060
2373 4448,2664
2374 3646,5003
2375 5121,3370,905,5385,3144,7904
2376 2239,4020
2377 5699,79
2378 8524,7889
2379 1145,1703
2380 3859,1879
2381 3224,3935,6362
2382 4448,3254
2383 8312,8612
2384 710,3158,3480
2385 2794,2195,1252,1905,2174,269,7442,6572
2386 6023,3774,1461
2387 1183,7191
2388 2291,7034
2389 4018,7885,658
2390 6867,6751,7526
2391 2062,6633,3122
2392 5154,6953,3370,905
2393 6809,3401,170
2394 964,4756
2395 3057,5764,1594
2396 6186,597,8091
2397 3256,5943,7569,5906
2398 7967,2260,7002
2399 919,2352
2400 7833,8415,4868
2401 3239,3288,2841
2402 3893,5761,2265
2403 728,1667
2404 3924,302
2405 1741,6809,6627
2406 7904,3370,905
2407 2400,1824
2408 4920,3339
2409 7772,131
2410 5060,3893
2411 1275,5998,1905
2412 5604,6840,4099,1627,532
2413 661,4302
2414 7758,6696
2415 1271,3159,2839,411,2691,6905
2416 1252,2003,5859
2417 6788,7082,7735
2418 1019,5906
2419 4605,5884,844,7569
2420 6112,6630,2565,8473
2421 7002,1879,6099
2422 6900,7333
2423 753,5210,8002
2424 6549,2313
2425 8549,6921
2426 7264,2435,6496,7569
2427 5474,5867,5879
2428 3085,6680
2429 3406,654
2430 6443,105
2431 2249,4350
2432 5354,5529
2433 1703,2373,7886
2434 1962,1549,8104,7723,6073,4531,4413
2435 8554,2556
2436 5906,5054,874
2437 4510,721,4058
2438 1341,6785,6522
2439 6165,2638
2440 601,8415,6706
2441 7262,3081,5561
2442 7079,3914
2443 2001,4916
2444 3525,810
2445 5570,4589
2446 3963,5749,1957
2447 3256,6633,3513,3299
2448 1287,6496,4527,7569,3513,874,7967,5943
2449 6472,3051
2450 8145,2607
2451 1702,7002,6333,3705,7598,5859,8128,7082,15,2139,4251,269
2452 5543,7297,6035,5658
2453 8540,6619
2454 4141,8448
2455 7556,6918,6511,7790,6854
2456 7248,408
2457 8126,1018,6366,6411,3674
2458 1202,3080
2459 2149,7973
2460 7980,3198,545
2461 3687,6445
2462 6142,5537,8431,4656
2463 7464,774
2464 8394,1315
2465 6682,1381
2466 6243,8151
2467 6620,6491
2468 5181,4661
2469 5215,891,3800,1238,7013
2470 6977,3319,2219,238,298,793
2471 4413,8137,7862
2472 5063,1722
2473 3451,1252,6007,8641,4055
2474 3546,7638
2475 3380,8545
2476 503,1627
2477 3112,3874
2478 8507,4545,5635,1962,2228,1244
2479 178,3639,2462
2480 5187,2168,5269
2481 7967,3256,1003
2482 8437,1624
2483 1755,2670
2484 8423,5868
2485 6621,7734,7825
2486 6532,7974
2487 1537,3986,4504,3239,8622,4509,757,805,5014,907
2488 65,7164,6619,8199
2489 5973,7285
2490 2670,2446
2491 389,7252
2492 1619,247,4995
2493 445,4545
2494 5728,437
2495 2780,4270
2496 2839,5946,6905,3159
2497 13,8634,1741
2498 5817,1899
2499 8001,8218
2500 3051,5024
2501 100,4347
2502 4130,5957
2503 2560,1293
2504 6691,5249,5606
2505 1186,551
2506 8000,4914
2507 608,3135,4614
2508 8284,4597
2509 7002,3774,7817,7967,8247,1513,5943,430
2510 6816,5484,5871
2511 3143,4373
2512 6947,1633
2513 5474,5879,5134
2514 2256,5528,7966
2515 5879,5134,5867
2516 895,664
2517 8509,6148
2518 1513,8247,430
2519 1707,5008
2520 7598,201,6883,1702
2521 1769,3044,632
2522 7486,4198
2523 3955,327
2524 5729,4934
2525 2289,7885,658
2526 6522,4147,3363
2527 3521,592
2528 7208,1627
2529 5147,4369
2530 5153,1579,7862,2839
2531 79,5764
2532 4347,2997
2533 4122,6817
2534 4413,5761,4999,36
2535 2565,8261,491,2995
2536 8515,2664
2537 8486,6768
2538 7927,953
2539 6073,2239,1703
2540 4546,296,8177
2541 8630,7521,2921,2072
2542 8366,746
2543 6505,7576
2544 874,269,3256
2545 3886,8125,2305
2546 4124,2968,3747
2547 6657,602
2548 6034,7496
2549 8497,5894
2550 8194,54
2551 5058,74,8501
2552 2683,4934
2553 4871,2265,5761
2554 1589,266,7995
2555 6459,5458
2556 3935,2552
2557 2039,6048
2558 1522,8110
2559 36,2691,4413
2560 8104,2239
2561 6551,5830
2562 2676,2996,1810
2563 7632,1563,6362,3224
2564 1252,4833,4527
2565 4651,5149
2566 2373,73,8125
2567 1627,1709,503,6840
2568 4871,1962,269
2569 1226,919,5086
2570 7941,5393
2571 3353,2050
2572 8362,2670
2573 2445,5850
2574 1513,1630
2575 4509,7729,805,5959,5014,3986,757
2576 3779,5526,7978
2577 8012,7398,4124
2578 2983,5595,2968,8379,6383,4644
2579 506,2953
2580 2058,3923
2581 206,3747
2582 5774,584
2583 3,3900
2584 5223,4465
2585 7492,3108
2586 5641,3590
2587 1008,3656
2588 3343,2552
2589 7472,8523
2590 2265,1741
2591 7967,269,7002
2592 82,7020
2593 3370,7133,288,7610,5385,7904
2594 3256,4872
2595 4986,7708,8262
2596 7923,5524
2597 2797,5261,940
2598 4454,5950,2393,3357,3563,5799
2599 4112,5761,3506,7806,2373,7974,2698,6496,1727,8634,2839,4413,3893
2600 1367,7712
2601 6782,7374,5635,5761
2602 6787,5793
2603 4873,4705
2604 5576,1810
2605 8292,183,252
2606 6241,1810
2607 5761,2691,4413,5979,8194,1962,3893,3800,844
2608 4420,2780,5873
2609 5177,2057,2176
2610 7605,7610
2611 5628,1029
2612 1905,4527,1889
2613 1829,7504
2614 7806,890
2615 2426,5550
2616 8487,874,6984,8120,5054
2617 3591,2373,844,2003
2618 6330,5549
2619 7862,1454
2620 269,3443
2621 79,1178
2622 6104,2513,3511
2623 1974,1145
2624 3583,5441
2625 665,1246,8456,1252,7886,8043,844
2626 5950,4727
2627 6073,1703,7896,4614
2628 1750,3300,4429,1827
2629 2649,354
2630 509,452
2631 6531,5285,8100
2632 8484,5992
2633 227,3325,8488
2634 6059,7244
2635 650,8083
2636 6840,1647,2032
2637 5210,8379,5764,5504,8002,5499,7447,1689,6857
2638 288,7133
2639 4225,4171,4668
2640 3318,1178,8379
2641 4751,6220,8378
2642 5766,1009,6620
2643 265,321,7964
2644 6594,3845,1084,5842
2645 758,3911
2646 8096,3697
2647 3915,3150
2648 8274,638,1882
2649 1853,2361
2650 3238,5739,5884,6656,3618,1275,4198,616,1905,4043,4666
2651 8274,6570
2652 7048,5572,8073
2653 913,1962
2654 1402,3612
2655 4226,6066
2656 4855,4092
2657 970,261
2658 3273,7075
2659 1330,6
2660 298,1493,238,1371
2661 7108,7696,2934,2641
2662 3981,4022
2663 6552,8283
2664 2447,5257
2665 6112,3566
2666 8307,6341
2667 3013,1778
2668 5950,7990,4727,7226,7424
2669 6344,1713,5210,3893,1689
2670 2436,6818,8549,8555
2671 7979,186,485,3122,146,2062
2672 6863,8026,4941
2673 4769,2383
2674 4066,7889,8284
2675 8640,5825,2562,8490,3054,1355
2676 1872,5414,10
2677 855,2824,2839
2678 6685,79
2679 3505,7478
2680 2332,3616,5286
2681 3537,6095,3085
2682 6857,240,6881
2683 3159,2691,4913,6905,7806,6495,1271,6285,4413
2684 1943,2552,4066
2685 8490,5825,8640,3054
2686 4380,1807,4938
2687 2990,3901
2688 7294,8355
2689 8284,2517
2690 1012,3979
2691 6373,4035
2692 7437,5476
2693 2608,6449,7554
2694 292,5930
2695 4267,4942
2696 135,2528
2697 5673,40
2698 567,5731,2838,7569,3774,6496,3513,5943,6099,1252,2517
2699 6496,2517,7002
2700 7711,4678
2701 885,6595
2702 2591,8356
2703 1827,1750,3300
2704 4872,1328
2705 8314,6866
2706 8166,3595,7447,6730
2707 2968,2022,8296
2708 5761,7817,6627,704
2709 8542,6099
2710 7834,3495
2711 6966,372
2712 1306,801,7913
2713 2260,5402
2714 4644,1397,5210,79,1178,1810,2022,2145,1713,6685,3318,4373,6846,5764
2715 4747,7438,1521
2716 2197,3413
2717 3880,1841,4211,3219
2718 5286,6659,375,3593,2343,197
2719 8408,7231
2720 2373,5859
2721 7569,844,7374,1741
2722 1252,6452
2723 188,4400
2724 6680,6723,6951,211
2725 4644,6816,5484
2726 5891,6738
2727 5632,4933,4368
2728 6843,1267
2729 3896,4768,4186
2730 4029,1215
2731 3252,1962
2732 3816,1552
2733 3245,321
2734 8002,7496
2735 4644,6988
2736 197,1926
2737 6774,6168
2738 1178,2022,3318,2983
2739 2152,1821
2740 1926,5286,6174
2741 5857,7385
2742 1211,6063,3505
2743 6531,8100,7573
2744 8104,5153,3893
2745 8104,1943
2746 4538,5654,1573,2435
2747 7680,4900
2748 862,7966
2749 4183,3054,1355,8640,8490
2750 2098,627,1524
2751 2877,4112,3053
2752 4084,4641
2753 3321,8637
2754 2022,4198,8379
2755 5024,6472,1733,1979
2756 2614,8247,366
2757 121,1190
2758 2423,7090
2759 2688,2664
2760 6646,3442
2761 2174,1252,3799,2148,7886
2762 1238,7013
2763 3715,16,7979
2764 3893,2303,3537
2765 4531,5906
2766 5828,6054
2767 113,2406
2768 6571,7648
2769 4755,7569,8284,4917,7002
2770 6198,75,4413
2771 7500,3658,3057,7353,1594
2772 965,2092
2773 7701,891,5215,7013
2774 7967,377
2775 1258,1541
2776 8641,6528,4055
2777 1571,3596,7504
2778 3548,1979
2779 1914,4198,269,1009,2205,1024
2780 707,1985
2781 1654,5511
2782 259,665
2783 1252,4605,1702,2794
2784 2373,1703,2239,6073
2785 7622,3461
2786 1182,3862,6547
2787 3015,366,837,5859
2788 1905,15,4198,1009
2789 5550,2794,3923
2790 7648,6833
2791 712,13
2792 5638,6633
2793 6496,6148
2794 6451,8515
2795 2788,3201
2796 5086,3319
2797 717,8254
2798 5100,6524
2799 900,1407,201
2800 844,2373,2003
2801 598,6119,6488,2528,5210,3013,1713,79,374,1979,7983,3151,592,6551
2802 229,3545
2803 5916,4249
2804 7886,2373,6073
2805 6846,2996,4373
2806 361,6344,3893
2807 3713,1745
2808 2496,154
2809 1704,1214,835
2810 6257,6620,4738
2811 4899,4282
2812 2595,277
2813 269,4122
2814 6063,5601
2815 7093,6063,4670
2816 4421,7604
2817 5710,5060
2818 3081,2547
2819 5327,6233
2820 2215,6033
2821 6083,4098,1675,3687
2822 6883,3539,1702,1101,201,7585
2823 491,638
2824 6835,2029
2825 2576,2527
2826 3901,2546,3636
2827 808,3750
2828 4509,908,5014
2829 5215,7701,5214
2830 6014,4569
2831 202,7668
2832 4705,4569
2833 290,1235
2834 8010,3705,8284,3379
2835 4156,3977
2836 1962,7836
2837 2105,6350
2838 6496,1630
2839 6633,3256
2840 6425,7241
2841 2473,2446
2842 2427,4986,2399
2843 844,8277,23
2844 4968,5121
2845 5214,5215,816
2846 3774,4562,6601
2847 1748,3998,6395,5913
2848 2252,7124
2849 2967,5462,221,5123
2850 1328,3256,3705
2851 7806,7817,890
2852 4963,5135,7599,4349
2853 6057,8598,8510
2854 1069,137
2855 321,7566,6332
2856 2763,7806,4759,4819,309
2857 3421,4100
2858 5060,424
2859 4413,4717
2860 2664,4288,2688,6294,1811,3483
2861 3834,3245
2862 6241,1810,6582,1219
2863 2,6869,7977
2864 941,8072,4003
2865 867,6818,3664,1482
2866 883,7398,852
2867 5086,847,4671
2868 366,8194
2869 6839,820
2870 5437,638,3560
2871 7661,6864
2872 7398,5816,8012
2873 5449,4938,5440,5685,1807,4380
2874 6098,5943
2875 5963,6096
2876 4820,7696
2877 2728,3315
2878 4531,8618
2879 7374,1195,844
2880 1252,8120,2691
2881 1962,3033
2882 7569,1962,7886,2373
2883 394,2517
2884 8148,6832,8519,8195,6265
2885 5192,3659,2574
2886 7806,4413
2887 6908,1354
2888 3143,3831,2339
2889 7696,3981,7108
2890 3583,4995,608
2891 5182,4335
2892 292,5930,7475,700
2893 3986,805,5014,7906
2894 8495,6538
2895 4605,4699
2896 7394,594
2897 6082,290
2898 3238,8032
2899 593,7631
2900 8033,3071
2901 3583,1211
2902 5529,5307,5354
2903 2170,3117
2904 3131,501,6202
2905 8097,3979
2906 1951,7072,8399
2907 1290,2760
2908 8422,7443
2909 1513,7967
2910 4198,2383,4632,3583
2911 4668,4225,4488
2912 7708,1951,8399
2913 4472,8058
2914 7477,2847
2915 4886,7351,8496
2916 5550,4423
2917 5916,6313
2918 509,4494
2919 2794,1504,1009,1630
2920 4765,7039,1886
2921 8272,7099
2922 485,6126
2923 4413,7862,2839,4999
2924 2968,3747
2925 7398,3272
2926 8216,5417
2927 7889,987,6362
2928 1069,2458
2929 3622,5644
2930 5114,4163,3671,5494
2931 4413,4829,5979
2932 1360,3517,244
2933 905,4543,6207,3370,5385
2934 3963,3354
2935 8067,2148
2936 7537,5683
2937 7620,2513
2938 610,4741
2939 2451,7826
2940 7002,3513,2517,3774,3256,7569,3893,3299,6099,7967,1252,8284,1513,1889
2941 3462,730,5737
2942 7002,7834,269
2943 1101,6883,6684
2944 7566,6859
2945 1962,3525,4413
2946 6929,2252,7514
2947 6227,3137
2948 180,6627
2949 5807,8100
2950 4198,269,1024,4122,124
2951 4617,1009,6788,7082
2952 3525,7806
2953 2788,6085,0
2954 1859,7183
2955 8601,886
2956 8261,7018
2957 5635,2804
2958 5761,1594,1643,4413,3886,8002,2148,6198
2959 3370,2944,7610,905,7904
2960 6302,8202
2961 3256,2691,6099,2517,4444,3705,7002,2759
2962 7489,3812
2963 3923,4258
2964 3105,8314,166,3505
2965 6973,7321,780
2966 451,4922
2967 7684,6633
2968 7296,5153
2969 4413,2057
2970 7002,1733,7598,3893,4605,5884
2971 1520,8262
2972 5083,3893
2973 4968,4296
2974 3525,3881
2975 890,366
2976 5618,2943
2977 1602,4106
2978 7160,4896
2979 7469,5002,7630,2665
2980 2272,2892
2981 5270,1542
2982 3658,6388
2983 8439,1142
2984 2780,6073,2522,4420
2985 2174,5766
2986 3108,5504,5141
2987 6727,4642
2988 3715,485,16
2989 5475,3188,6789,2407
2990 308,8219
2991 7125,6144
2992 4099,2794,1009
2993 8549,2383,3482
2994 8216,833,2063,5417,5926,6485
2995 6332,4848
2996 6265,8148,7022
2997 6818,5898,5226
2998 5550,1046
2999 1689,8002
3000 3788,3285
3001 6030,7708
3002 4605,2794
3003 5852,6176,1052
3004 4207,2243
3005 6104,1410
3006 2036,8558
3007 608,2239,6421
3008 7669,705,8509,8081
3009 7625,5289
3010 1890,27
3011 2172,3105,6866,8476
3012 3923,7017
3013 8247,6198
3014 678,1468,2126
3015 7457,7521
3016 891,2749,1163
3017 7007,3576
3018 588,3241
3019 6933,4076
3020 3505,4710,6866,8314,1211,3400
3021 4300,6316
3022 89,5043,3107
3023 131,8372
3024 753,7817,8002
3025 6929,7514
3026 2081,595,6359,1227
3027 3226,8301
3028 2305,665
3029 1271,7806,1636,6905,4819,3159,2691
3030 2513,2759
3031 7967,2517,4954,1560,4693
3032 5808,4123,7963,4322,234
3033 8063,8036,4635
3034 7555,5479
3035 2517,4605,7284
3036 5275,8239
3037 3492,6096,8568
3038 327,6190
3039 7006,6883
3040 8171,8108,1351
3041 1805,7456
3042 7889,1702,7598,201,1189
3043 2874,833
3044 475,2418
3045 3506,4413
3046 3256,6757,6627,874,5731,6472,7967,1513,5024
3047 3470,4099
3048 1879,671,3299
3049 8450,5634
3050 296,910
3051 3188,1240,8060
3052 8355,4364
3053 3864,7247,4296,5121,3370
3054 5178,4119
3055 6323,2359
3056 8194,3893,6073
3057 4356,4287
3058 6482,3998,7326,5913,6395,2121
3059 3433,2851
3060 4833,5307
3061 2681,6664
3062 7598,7002,7082
3063 8377,4134
3064 7701,5214
3065 5773,7312,6120
3066 2800,6213
3067 6745,7962
3068 1163,891
3069 7684,4390,1570
3070 6518,3881
3071 1857,323
3072 3256,7002,7967,6757
3073 3658,4933
3074 2095,671
3075 321,5024,6472,1979,1733,6344
3076 4995,1619,247,4727
3077 563,5866
3078 6102,4079
3079 2239,8194
3080 821,5107
3081 3057,4527,4413,7806,5210,1636
3082 269,517,2794,6203
3083 1069,2269
3084 7580,7588
3085 3665,7595
3086 1406,7169
3087 4583,5591
3088 81,4177
3089 6924,7412,2096
3090 2934,3981,2641
3091 6223,5499
3092 7041,4134,4548
3093 7002,3299,8284,7569
3094 4783,5721
3095 2835,6296
3096 6359,7558
3097 5910,5561
3098 5326,4710,1211,3505,4554
3099 7002,704,1252,2691
3100 4722,3370
3101 4237,8161,201
3102 7449,6562
3103 4296,4968,58
3104 6543,8408
3105 4999,2228
3106 5962,6366
3107 4633,1057
3108 7340,3544
3109 1982,1825
3110 4292,218
3111 6092,6700
3112 1594,4368
3113 1421,5764
3114 4068,6764
3115 6696,5445
3116 7423,870
3117 2810,7889
3118 5972,6774
3119 5005,4148,6087
3120 4368,5632,2299
3121 7340,327,3955
3122 4328,5743
3123 982,1169
3124 1554,581
3125 7262,6664,3694
3126 3981,2648,1718,4022,4196
3127 3862,6373,4035
3128 7002,671,1907,6452,5906,1879,7569
3129 4294,1352
3130 4727,2393,3563,1619,4995,5799,5950,7990,3357
3131 6412,282
3132 2987,4668
3133 5780,1481,2010,6534,875
3134 4574,4027
3135 3015,8247
3136 6605,3257
3137 4833,7097
3138 3893,3256,3299,2691,7374,7967,6099,2517,6496,7569,8284,7034,874
3139 7896,6073,3893
3140 4554,3505
3141 2373,4020,1703
3142 2616,5451,3817
3143 1509,1249
3144 6492,7360
3145 8119,8348,2321,3940
3146 2500,4950,2992
3147 3143,6068,2706
3148 4069,3893,1713
3149 6923,1542
3150 513,2362,2866
3151 7452,5066
3152 6789,3188
3153 7605,4296,2944
3154 7979,6633,7684
3155 4110,6807
3156 7261,5241,4755,8120
3157 4527,1630
3158 5764,2148,4413,4446
3159 7859,6927
3160 2313,3554
3161 3934,7392
3162 5286,7700,168,4860,7180
3163 7002,2305,844,7569,6496
3164 1196,6164
3165 700,2155,7475,5930
3166 7326,6395,1748,2600,3998
3167 1214,6784
3168 3583,7984,2794,4632
3169 3123,987,8362
3170 4055,5859,1252
3171 652,1529
3172 5595,4406
3173 6809,1562,839
3174 2691,2517
3175 8631,6963,7729,5014,908
3176 5906,2431
3177 2983,2840,79,5021,2022
3178 4122,269,5972
3179 2412,4601
3180 6936,5481,7359
3181 5121,288,905,5385,7904,2944
3182 16,485
3183 269,7569
3184 4710,8314,3505,5326
3185 8541,807,7985
3186 2383,4305
3187 79,3318,2840,8154,8379
3188 1594,2265,3893,5761,844,3658
3189 2139,7598,269,3443
3190 4330,6673
3191 8442,6252
3192 4003,6513
3193 6646,5157
3194 4170,7450
3195 8622,7286
3196 2655,5420
3197 1562,6809
3198 122,892,2
3199 6905,6495
3200 7978,4247
3201 4730,618
3202 8046,3747
3203 1838,8091
3204 7889,7598,2431
3205 3851,1914
3206 6440,2649
3207 3859,1582,6344
3208 2265,8634,4413,6627
3209 6603,3543,6640,2201
3210 2090,3192
3211 8476,1211,2848,6866
3212 5859,2763,6496
3213 7072,4986,2922,8399
3214 7702,5721
3215 839,4770
3216 2383,1078
3217 7360,3321
3218 8235,5673
3219 837,2825,6193,2373,2305
3220 2525,6633,3299,5751
3221 7816,1078,1693,7764,3041
3222 221,1472
3223 4214,2696
3224 7002,7701,3256,6099,3299,4413
3225 4683,4835
3226 7350,7849
3227 7007,3153,4413,8120
3228 7459,5035,6389
3229 1430,1511,104
3230 1647,1863
3231 7496,3658,3011
3232 2262,7598,4484,2139,5884
3233 3053,2877
3234 6116,3787
3235 5364,7479,4617
3236 6063,6866,3105
3237 2239,4614,3893,608
3238 4307,1737,6109,1414
3239 7052,2579
3240 3370,7133,4722
3241 5906,1211
3242 3739,361
3243 5385,5121,4296,3370
3244 4198,6333
3245 1741,1579,1454
3246 6970,1512
3247 6905,1271,2839,1636,6495,3159
3248 3245,2413
3249 3886,980,2397
3250 8177,6169
3251 7684,485,2525
3252 6395,3998,2600
3253 5438,79
3254 8025,2343
3255 1748,7326,6548,6482,6395,3998,2600,1884
3256 2596,7340,3321
3257 1703,2239,3893,837,1297,8194
3258 5731,6496
3259 4614,2239,3893
3260 176,6877
3261 6868,3741,6960
3262 8048,6285
3263 3886,6198,1579,180,903,2839,5153,2824,1643
3264 8399,2763
3265 2049,51,3325,7766
3266 3658,7862,4413,3893,7817,6809,4933,7374
3267 6547,4035
3268 2975,6167
3269 1272,501
3270 2972,6900
3271 5014,7729,6963,8631
3272 2174,913
3273 2423,4066,1905,1907
3274 4947,6356
3275 6809,8236
3276 1974,4453,54,2843,6970
3277 8268,3294
3278 2791,4794
3279 1702,2171,6684,7801,2567
3280 2295,1835,8497
3281 5480,5714
3282 4819,5177
3283 4180,138
3284 4444,8284,1601,5731,7967,7034,4527
3285 1213,1689,6344,3893,79,6111,1778
3286 6294,3483
3287 5906,2174
3288 2032,4099,2576,503,5604
3289 2517,1513
3290 6162,6183,1414
3291 1258,8266
3292 6505,2329
3293 6863,8026,1565
3294 7806,1271,411,6905,3159
3295 7448,7817
3296 1275,7762
3297 919,6586
3298 4833,5354,96,2129
3299 492,3466
3300 4753,1461
3301 7801,201
3302 4986,7708
3303 3319,6507,2219,6977,298
3304 7503,7576
3305 6693,4816
3306 1703,4020
3307 4617,4099,2492,503,1627
3308 2517,4693,1560
3309 1859,1821
3310 574,6627,5024,1741,6809
3311 5286,6174
3312 6645,968
3313 305,2345
3314 1905,7285,4196,5161,3981
3315 1346,1713
3316 7672,3531
3317 5984,2965,46
3318 3893,1703,8194,2239
3319 7374,4413,5761,6809,1741
3320 8247,2780
3321 1929,5721
3322 90,665,8456,4413,3981
3323 7223,6445,6852,2766,4213
3324 668,1097
3325 5852,6176
3326 7944,4195,7635,5512
3327 7475,2155,5930
3328 4298,1252
3329 7619,1003
3330 8137,4413,8634,6242,2839,6111
3331 1643,2148
3332 8033,7374,1513,7967,6809,5635
3333 534,1601
3334 2027,3109,5800
3335 7374,6809,1875,5761,844
3336 3605,4407
3337 7002,1513
3338 7421,635
3339 532,4099,802
3340 7242,29
3341 2763,6496,2517
3342 4474,4365,3772,7795,4267,4364,8607,8355,898,7607
3343 4072,1808,5007
3344 5293,7025
3345 8198,2600
3346 5135,4349,4963
3347 310,4862
3348 1779,6330
3349 2968,4644,8154,79
3350 5435,2688,493,4448
3351 6823,6725
3352 8579,7843
3353 2155,720,2798
3354 7827,954
3355 4353,1194
3356 1910,5210,8406,1689
3357 8575,3689
3358 3091,3590
3359 2256,7966,862
3360 8524,8330,4977
3361 5891,5776
3362 1593,5976
3363 7338,6264
3364 7292,2123
3365 5595,4086,5098
3366 94,5406,3121
3367 5463,6782
3368 1846,1503
3369 3008,3513,7598
3370 5462,4
3371 3981,1019,2512
3372 2130,4564
3373 8406,1604,593,27,7849,6571,5715
3374 7708,4986,2922
3375 2921,8332
3376 1727,2227
3377 1877,4492,5357
3378 6543,8408,3131
3379 4977,7908,8362
3380 1703,54,8194
3381 1317,7834
3382 847,1226,5086
3383 1104,2373,864
3384 6809,3893,5859,844,8634
3385 6452,913
3386 844,5761
3387 2339,3176,5139
3388 5286,981
3389 1033,7970
3390 368,7610,5121
3391 54,1962,2349
3392 6712,702
3393 7736,8453
3394 8284,3379,5859,4360,8010,7255
3395 532,4099,802,1627,5604,503
3396 8284,4444
3397 7142,4644
3398 4860,5899
3399 3774,6809,7374
3400 2239,5940,608
3401 7279,3249
3402 2741,3156
3403 4869,8433
3404 4641,4189
3405 4635,8036
3406 741,2133
3407 5946,1727,2839,4413
3408 8078,8551
3409 408,7002,4591
3410 5453,1446
3411 907,3513,1630,1252
3412 8300,291
3413 4492,986
3414 3774,7817
3415 3650,7870,1839
3416 3955,7340,6756,8324
3417 1741,839
3418 3864,3370
3419 7896,2174,8194,8104,1145,6073
3420 3816,1548
3421 269,3705,7598
3422 7360,753
3423 1985,6680
3424 6198,4999,3886
3425 2517,3774,1513,6099
3426 1084,5842,5584
3427 3513,7002,3299,2517
3428 2652,543,7581
3429 5017,3156
3430 4198,124,269,7486
3431 3318,2022,5438,8296,4644
3432 6185,5539
3433 2431,2552,7632,3924
3434 628,1042,4862
3435 6658,6143,849
3436 619,397
3437 368,5385,2944
3438 6892,1829
3439 8496,1179
3440 166,3583,4554,3505
3441 4453,54,3981
3442 4189,791
3443 3527,5577
3444 2562,3054,7445
3445 1718,8167
3446 3081,7262,6452,6664
3447 3057,2441,2022,7431,4446,5764,1181,5210,8379
3448 2817,5063
3449 8010,3379
3450 3315,2728,4204
3451 5537,7231,6142,8431,4656,7905
3452 3631,1624
3453 1211,3400
3454 4710,8314
3455 8236,8277
3456 7723,1549,1962
3457 4309,8213
3458 7082,7598
3459 3054,5825
3460 7806,4368
3461 2967,221
3462 5881,3483
3463 1648,6503
3464 2425,8399
3465 8332,2921,3746
3466 7598,5919,7900
3467 5113,2704,7155
3468 8572,1669
3469 3052,7704,1397
3470 1218,6605,2794,5906
3471 8043,2760,8189,1290,1316
3472 6883,7598,7889
3473 908,4509,6963,805,7906
3474 4729,7199
3475 4413,8247
3476 8555,5898
3477 3886,6198,4265,2397
3478 5411,8420,6631
3479 5906,1275
3480 2850,821
3481 7481,8520
3482 1283,5583,7661
3483 658,2289
3484 7712,6575,6600,6134,4519
3485 3513,5313
3486 6252,4448,5435,2688,493
3487 2255,3587
3488 900,201
3489 7225,1643
3490 1884,5087,5363
3491 8284,7967,7569,7002,4444,3513
3492 856,1501
3493 3470,5063
3494 6797,5577
3495 495,571
3496 2032,4099,4022,3942
3497 3886,4326,4265
3498 2155,5470,5930
3499 6856,6818
3500 2728,8516
3501 3238,3684,3039,3960
3502 6912,7795
3503 3892,8174
3504 4278,5705
3505 4413,5859,844,1907
3506 7385,670
3507 3335,7906,4509
3508 1060,6132
3509 4191,5830
3510 5229,968
3511 2226,3878,909
3512 6101,6875
3513 7020,7949
3514 933,8532
3515 4147,3125,4610
3516 7993,2911
3517 2651,8625
3518 7025,5293,2877
3519 4472,5590
3520 7225,2239,1703
3521 6451,6183
3522 7997,3569
3523 968,5850
3524 3376,1605,1200
3525 2129,6224,5354
3526 7093,2749
3527 6198,4196,3886
3528 1170,7114,1905,8128,3583,269,15,7598
3529 1009,4099
3530 8166,2228
3531 7886,1962,5865
3532 3845,6594
3533 7897,840
3534 2505,3458
3535 3793,911
3536 3277,6566,5298
3537 2968,4009
3538 2171,1101,6883,6684
3539 5352,3387
3540 8558,7934,3687,5700
3541 4963,5328
3542 5193,3583
3543 905,3370
3544 3785,6496,6452
3545 4390,2525,5554
3546 908,3335
3547 2863,7185
3548 7977,8417
3549 2742,2073
3550 4406,6198
3551 7862,3658,7806,1741,4413,8137,7496,5761,1727,8634,844,2839,3893
3552 3645,4838,3732,2171,7585,1702,8161
3553 598,5438,2022
3554 1407,4985,2735,8254
3555 2517,3461,7622
3556 1099,4066,6818
3557 2544,320
3558 6083,8209
3559 404,6375,754
3560 8239,5096
3561 6605,1275,5906,2794
3562 2508,5059
3563 2145,6748,3143,4373,79
3564 54,8194,1974
3565 1741,3893,1643
3566 2825,6193,5943
3567 6571,7849
3568 3733,5868,743
3569 387,6930
3570 6504,553
3571 2063,6485,5926,554
3572 1214,4187
3573 7059,3509,1844
3574 4022,3447
3575 1258,6977,1541
3576 4110,2798,6807
3577 6107,7598,1702
3578 583,6901,1809
3579 1065,8363
3580 1965,4694,3418
3581 7229,3516
3582 4226,3871,1955
3583 3527,5856
3584 6977,1167
3585 7022,8519,6265,8195,8148
3586 5561,1163
3587 6668,1485,5456,4809
3588 1643,6073,1741,3893
3589 2346,4241
3590 4842,1195
3591 567,7002,1009,4605,334
3592 5210,7447,1689,1910,3661,79
3593 6866,8476
3594 2280,6285
3595 6063,5580,3505
3596 1991,1643,5916,855,2839,1579,5153
3597 2623,4296
3598 2383,1099
3599 2964,5893
3600 2496,6285
3601 1246,1962
3602 6368,7177,2070,3505
3603 1009,1905,7598,15
3604 8296,8154
3605 3202,3370
3606 4819,5946,4413
3607 6694,7047,4093
3608 6712,6378,7333
3609 5645,7541
3610 3195,2383
3611 7166,3299
3612 5633,6277,8261,8047,7331
3613 7194,6513
3614 8327,4200
3615 4009,8296,2983,3318,4644,2968,6383
3616 7742,3170
3617 7236,6294,2664,1159,5412,5435
3618 6520,2556
3619 2288,1971
3620 2201,4506
3621 6520,5348,7209
3622 4819,4759,6348,5262
3623 8488,227
3624 90,7173,8284,7114,1905,4222,7598,5571
3625 6250,8632
3626 7359,5481
3627 2562,8490,3054,5825
3628 4719,5961,2373
3629 4710,5326,3505
3630 1195,3658,4753,1513,7374,3893,844
3631 5210,1594,7806
3632 4413,3369
3633 3364,79,6680,1985
3634 2236,506,2395
3635 161,4907
3636 2010,6143
3637 6199,667
3638 2064,3940
3639 4032,220
3640 8224,5935
3641 5286,3672
3642 8299,923
3643 4741,3109
3644 3893,7002,7967,3299
3645 3617,3691
3646 3256,3705,3513
3647 4871,1991,8507
3648 3597,7621,1714,3301
3649 8279,212
3650 2155,5470
3651 1252,6007
3652 4548,5472
3653 4072,5007
3654 5129,4189
3655 4360,6491
3656 3986,92,4509,5014
3657 4413,1454,8634,7862,5761
3658 1702,4866,6883
3659 7436,7230
3660 2517,7002,7967,3513
3661 5998,4272
3662 1643,1104,837,3893,8194
3663 5571,5884,7002
3664 2404,6970
3665 3815,5114
3666 6552,748,3850
3667 5671,5611
3668 571,3833,5218
3669 8006,5472,4548
3670 3674,6366,6411
3671 5194,3955
3672 4614,7896
3673 1211,6063,2848,4670,6866,4675
3674 3036,8367,8133,3327
3675 7684,5751,186,3122,7979,6633
3676 5328,5806,4963
3677 3483,2664
3678 217,500
3679 5268,7224,5066
3680 5987,6699
3681 7886,2373
3682 3159,6481
3683 4018,2457
3684 5930,2155,2798
3685 5855,7731
3686 4926,2760
3687 1630,2794,2470,1211
3688 6183,705
3689 6799,6095,3085
3690 1417,5654
3691 8284,1905,704,5906,5943,1907,7569,4043,671,90,1943,1889,7002
3692 6009,6605
3693 4261,2951
3694 3652,2995,7905
3695 2565,1237
3696 2877,6058
3697 282,6412,8297
3698 2934,1009,7225,8104
3699 6144,6421
3700 2862,1643
3701 371,2451
3702 5350,895
3703 3183,1875,7374
3704 7284,7002,7566,2517,3299
3705 2517,7002,5751,4605,1879,8284,7569,6099
3706 6384,6035
3707 3583,8120,5441,682
3708 2039,5550
3709 5752,8324
3710 8487,2691
3711 8227,2564
3712 6006,503,4617
3713 4029,6023,7817
3714 3567,5758,6436
3715 4611,4092,99
3716 7002,4527
3717 8389,4913
3718 1211,3105,6866
3719 1703,1962,4020,5153,8194
3720 99,5924,6270
3721 3256,1889
3722 553,1713
3723 8325,5385
3724 5189,1822
3725 6570,5437
3726 6638,6198,4406
3727 8324,327
3728 864,8140
3729 90,2262,2139,1905,7999
3730 8332,3746,7465,4840,2860
3731 4986,2922,2427
3732 3645,2171
3733 6868,2384,6960
3734 8327,4316
3735 8634,7862
3736 1233,5774
3737 4632,4871
3738 627,1609
3739 1905,4269
3740 66,1949
3741 665,8456,4703
3742 871,3433,7416
3743 5940,6572
3744 125,7219
3745 2848,3105,8314
3746 5906,8284,1889,8618,2881,4605,7002
3747 1866,2841
3748 5240,7708,2582,4986
3749 5337,1656
3750 7701,7013,5215
3751 7333,8376
3752 2835,3476
3753 4413,1741
3754 4261,8485
3755 2691,2759,7002,4444,6099,2517,3705,923,1879,3256
3756 4602,7990
3757 7581,2764,3701,5695
3758 3983,3008
3759 1152,6777,3521
3760 1475,6808,1481
3761 3727,4310
3762 2265,366,7569,3893,1741,3658,5859,844,4413,6198
3763 1675,6083
3764 6477,502
3765 5676,7993
3766 6273,2546
3767 5374,8454
3768 3700,5067
3769 2566,4881
3770 816,7701
3771 1161,2289
3772 4444,2517,4527,7569,1889,8284,7967,3256
3773 1178,2022,8379,79,4009,598,2968,2983,5438,6383,5764
3774 822,4500
3775 5385,4296,7605
3776 6818,64
3777 2283,1159,6294
3778 1771,2497,723
3779 4365,841,7607
3780 8638,5875
3781 8322,2863
3782 260,6531
3783 4460,324,469,28,7962
3784 2239,608,3893,2373
3785 3477,919
3786 4099,3942
3787 1159,5435,4448
3788 7862,7806,4413
3789 4948,2984
3790 6421,7886,2373,6285,1962,4055,2003,2148,6496,7598,4360,6572,5550,5859,4531,8010,1936
3791 6866,4710,3105,6063
3792 2017,1330
3793 1750,1827
3794 5257,5536
3795 3800,891
3796 2525,485
3797 8064,5359,2668
3798 3969,1097
3799 7632,6452
3800 8487,5054,3412,4527
3801 1714,5189,8219,7516
3802 7333,2809,6900
3803 7988,3428
3804 5859,844,2373
3805 6019,3342
3806 5523,4078
3807 3534,5630,4797
3808 3138,6237
3809 5562,6936
3810 3365,7017,4258
3811 4786,5200
3812 180,4413,5761
3813 254,5734
3814 4635,8063
3815 4605,7002
3816 1750,1154,1827
3817 844,7374,6627,6809,5761
3818 7002,7834
3819 8483,7181
3820 4279,666,7470
3821 700,5930,7475,5470
3822 892,1350
3823 1012,8097,4209
3824 3370,7292,5385
3825 7876,6643
3826 4703,8457
3827 4218,4992
3828 2999,2813
3829 6570,2209
3830 2738,3054,2562,5825,8490,8640
3831 6977,5689,1167
3832 4406,6344
3833 5385,3370
3834 4385,1905,2794
3835 3670,6690
3836 1703,7225,5153
3837 278,2103,158
3838 2866,513
3839 4509,7729
3840 2300,4350
3841 2725,7093
3842 206,7579
3843 1680,7724
3844 6126,2525
3845 7817,6809
3846 923,1907,1905,6452,844,7817
3847 5420,8285
3848 2227,370
3849 7504,1571
3850 5339,6701,709
3851 3864,7292
3852 5731,3513,6496,2517,6099,567
3853 887,6923
3854 3276,5472
3855 5635,844,7374
3856 2662,2198
3857 844,5635,7862,8033,8634,1741,4413
3858 2527,2032
3859 7034,7569,3256,8284,1513,6099,2517,3299,7967,874,3893,6496,3774,7002
3860 987,8362,3679,5039,2001
3861 7224,6128
3862 6174,3593,4244,1926
3863 4299,1108
3864 8125,5865
3865 5930,5470,2798,7475,2155
3866 6911,4149
3867 5298,571,2167,3116,4581,7695,4974,2501,4116
3868 2156,445
3869 1064,2183,2136
3870 2529,3976
3871 1758,1441
3872 2799,3572
3873 4666,4676,2001,8362
3874 5176,6525
3875 5930,4110,6807
3876 1097,8550
3877 4415,8504,7020
3878 4373,2676,2145
3879 5761,1741
3880 7967,1195,7374
3881 5081,964
3882 598,3013,6488
3883 8324,6756
3884 6279,5721
3885 6633,7684,5751
3886 1962,2691,4413,5979
3887 7059,3509,6613
3888 6809,2260
3889 4921,6635
3890 8003,2716,6515
3891 3221,3226
3892 4373,79,8154,3143
3893 3796,326
3894 1236,664
3895 4066,7889
3896 2268,979
3897 8332,3746,562
3898 321,4413
3899 5153,8194,4020,2239,1703
3900 4742,7814
3901 5575,571,5298
3902 1398,8412
3903 3374,7156,561
3904 2794,1009
3905 2361,6151
3906 2810,1203
3907 8487,2691,671,1943,874,923,7002
3908 1812,7605
3909 2424,6808
3910 7817,3881,7002,3525
3911 5828,7880
3912 5267,1916
3913 600,886
3914 7164,6619
3915 3741,6960
3916 8368,2766
3917 3521,5362
3918 1882,638,6570,8261
3919 7426,382
3920 238,8516,3315
3921 3379,4531,5859,4360
3922 2062,3122
3923 7974,890
3924 3370,7292,6207
3925 6684,2171
3926 1636,3159,6285,7806,1271
3927 5830,4551,4730
3928 2199,1134
3929 8540,705
3930 240,1689
3931 6277,7018
3932 661,7476
3933 4037,1391
3934 3955,3321,2596
3935 7369,1595
3936 4933,5237,4368,5632
3937 6495,3159,4499,5151
3938 5764,8152,5210,3417
3939 5856,3299
3940 4212,1398
3941 4024,2622
3942 1929,2686
3943 2856,6984,7967,8360,874
3944 4142,4624,8596
3945 6753,6416
3946 8399,5826
3947 987,1898,269
3948 1991,4871
3949 1605,3653
3950 6398,6535
3951 10,6758
3952 2043,498
3953 6782,2593,5463
3954 3165,7137
3955 6633,1979,1733
3956 4603,6338
3957 42,229
3958 1867,8469
3959 2415,4436,5306
3960 4296,3370
3961 4499,7806
3962 6768,3367
3963 4360,2794,3379,7886,1009
3964 8411,348
3965 608,1936,1252,5859
3966 4043,269,7569
3967 534,6339
3968 4531,1889,1009,671,5906,1905,7002,334,7442,4605,874,7569
3969 754,5988
3970 7114,1252,381
3971 6539,5984
3972 8487,5241,6930,5054
3973 2983,8296,2022
3974 2749,6452
3975 2402,7966
3976 6111,598
3977 1683,1275,269,1549,7886,6046
3978 5435,6523,1811,1159
3979 5030,5880,2608
3980 6743,4047
3981 121,1190,7312
3982 7033,6096
3983 460,2652
3984 3650,7870,5399
3985 1685,5612
3986 460,5943,2691,6046,6627,2416,704,4531
3987 7374,1513,1461
3988 8473,3149
3989 1871,908
3990 5286,375,3593,2343,197
3991 2226,3705
3992 6748,3936
3993 1741,2265,4413,5761
3994 6330,5565
3995 5984,4339,2821
3996 1727,2557,7093,7890
3997 6621,7356
3998 390,1965,4694
3999 4027,1090
4000 4413,2397
4001 7326,2121,6395,1748,6482,3998,5913
4002 5706,249
4003 4413,7862,3893,7806,8634,5761,3658
4004 2722,4213,8531,5700
4005 912,7890
4006 5237,5569
4007 7569,8284,3412,4444,4755,4917
4008 7724,2373,1680
4009 5317,8472
4010 8448,4668
4011 7793,985
4012 3924,7632
4013 6881,3052
4014 1702,7801,3539,6684,2567
4015 5946,2691
4016 7041,8006,4548,5472
4017 4670,6866,7093
4018 3370,2700
4019 4945,160
4020 4430,7034,4569,2517,7890,912
4021 1541,7061
4022 2566,4744
4023 4252,5945
4024 4670,1211
4025 2494,3712,438
4026 7938,4272
4027 844,1195,5761
4028 4171,4488,4225,7960
4029 4445,7496,1879
4030 6856,6818,1078
4031 6332,1741,1454
4032 4753,844,4413
4033 6676,3697
4034 3936,2145,6748
4035 5891,1785,5311
4036 187,5003
4037 7422,8447
4038 4933,2469
4039 3299,1138,4527,2757,4413,7002
4040 705,7669,6148,8509,8081,274
4041 2829,2448
4042 5385,2700,3370
4043 15,269,1252,2431,2794,201,1905,2139,7598,6333,5884
4044 1671,4667
4045 2691,8194,3893
4046 5537,5603,3149
4047 1680,2763
4048 839,844,7374,4413,4753
4049 7504,5724,1829,1571
4050 3549,310
4051 593,530,1604
4052 1889,1475,4605
4053 3299,1879,7967
4054 8452,5215
4055 8152,2145,3417
4056 3141,4098,287
4057 8367,5684,1093
4058 586,6701
4059 2205,269
4060 6028,4227
4061 6619,65,6349,6024,7164
4062 4363,1758
4063 6863,4941
4064 532,1627,503,5604,802
4065 7899,1683
4066 837,8194,2373
4067 2698,4527
4068 1258,298
4069 890,3942
4070 7806,4819,3159,1271,2691,5151
4071 1929,3561
4072 4950,2500
4073 2839,4999,1579
4074 3106,7325
4075 5438,2983,3318
4076 6207,3370
4077 3159,4413,1594,7806
4078 3305,6742
4079 7836,433
4080 3256,2517,2636
4081 1393,2124,2985
4082 269,5780,7034,2003
4083 1713,5210,3893,6068,79,6846,6344
4084 3522,3135
4085 3080,1302
4086 3112,8194
4087 5699,4228
4088 8155,566,6596
4089 3379,8010,5859
4090 3370,7133,288
4091 3924,6452,302,2552,7889
4092 5358,3690,7361,2260
4093 8172,2741
4094 2070,465
4095 3211,4234,5650
4096 4543,7745
4097 4515,569,264
4098 2219,298
4099 5021,8379,2840,79,3318
4100 4753,6809,8033,5761
4101 7141,8570
4102 4504,4509
4103 8067,3451
4104 616,5943,7979
4105 3086,2339
4106 2722,4098,3817
4107 7830,1306,1992
4108 2001,403,1351
4109 2840,844,4999,4413
4110 3513,2517,6099
4111 5246,7025
4112 2702,2068,2378
4113 6622,285,8201
4114 8392,6571
4115 6062,6279
4116 5265,5044
4117 1182,6547,6373,1575,4035
4118 1276,1593
4119 7018,1237
4120 8120,2691,5054,4527,874,8487
4121 4413,2839,1579,6332,4999
4122 431,298
4123 3502,6722
4124 5569,3410
4125 2388,7129
4126 2299,5606,5249
4127 554,2063
4128 8444,6840,2527
4129 1630,6496,7569,844,3774
4130 909,2269,2517,7507,7002,912,7034,6099
4131 7220,5714,7090,6461
4132 2174,7225
4133 5060,3658
4134 5253,3482,8549,1484
4135 1962,3799,1252,2239
4136 8130,6707,4211,2379
4137 65,8540,6619
4138 7852,205
4139 1863,8444
4140 5154,6953,2944,905
4141 4569,912,4705
4142 3253,4605,1905
4143 6388,6001
4144 4413,6809,1741,7967,7374,5761
4145 4617,4099,1627,503,2492,1009
4146 1226,4877
4147 7002,874,8487
4148 7002,5906,5884
4149 6228,987
4150 5943,3705,4444
4151 3593,2332
4152 6198,8507,1991
4153 8447,5616
4154 8525,3336,6164,671
4155 3256,6099,4413,3299,7002,7374,7967
4156 7967,5731,2517,4066
4157 6366,6411
4158 2688,1159,5435
4159 7720,2734
4160 5667,7281,3485,1330
4161 1555,7206
4162 6166,5504,3491,5141
4163 2343,3746,4840,2791
4164 7979,485,146,5554,5751,6916
4165 694,2057,2176,2839,3506,3525,4819,4413
4166 4413,4999
4167 803,7034
4168 4819,4759,7884,6348,5262
4169 5727,8213
4170 2436,3842
4171 7959,2071
4172 3520,5164,4586
4173 6561,2621
4174 6248,2641
4175 5151,2691,7361
4176 5581,8247
4177 8303,766
4178 874,4527
4179 1177,5809
4180 8153,322,3339
4181 4051,7435
4182 8194,4614,6073,608
4183 3151,6344,1713
4184 5430,881
4185 5043,6016
4186 3183,671,1879
4187 7958,2969
4188 1962,1491,4531,665,4413
4189 4209,5843,3979
4190 4413,7507
4191 6968,2775
4192 3591,608,2373,5859,2280,3893
4193 7160,4896,4369
4194 5496,6014
4195 1886,5605
4196 2123,4262,3864
4197 6490,3262
4198 6805,183
4199 3758,3081,8424,6452
4200 4055,6007,1252,8641
4201 8412,8332
4202 3307,2191
4203 7967,7002
4204 3629,2801
4205 5550,8043
4206 6955,8194,1145
4207 7199,6960
4208 8296,2968,3318
4209 1364,4061
4210 5153,8194,2239,1962,2174,2373,844
4211 417,5241
4212 8181,2767
4213 1907,6452
4214 4869,6054,7297
4215 721,4510
4216 3986,4509,3239,5014
4217 2329,2909,6505
4218 844,7374,1741,5761
4219 7020,82,1297
4220 8519,7022,6265
4221 3480,3158
4222 7868,3228,4865
4223 608,1936,2691
4224 180,6627,1905,874,4413
4225 2546,1995,3901
4226 1076,2688,7236,2853,2664,5435,5412,2283
4227 6562,5132
4228 1943,5884,1255
4229 7717,4983
4230 1898,6126,5554
4231 7952,6894
4232 4531,3800
4233 1703,4614,3893,6073
4234 2968,2983,5764,4644,79,3318,8296,2022
4235 4048,1159
4236 6657,3390
4237 4531,8284,1962,3379
4238 7820,7136,7083
4239 3886,1643
4240 6077,5780
4241 5096,5327,5275,8239
4242 5637,2231
4243 6785,5426
4244 105,8516,2728
4245 2257,7890
4246 8372,10,1872
4247 403,8362
4248 1211,5624
4249 4917,7002,7569
4250 2155,700,2798,5470
4251 5980,1122
4252 8456,329,1246,7014
4253 1962,3574
4254 5211,8330
4255 7817,7374,3774
4256 4839,7863
4257 885,5346
4258 2482,7676,2865
4259 5014,8631,6963
4260 4605,2517,3705,3256
4261 387,7170,7379
4262 3417,6748
4263 5412,1159
4264 5385,3864,4968
4265 1178,2968
4266 7353,7385
4267 3288,1029
4268 1246,3981,8043,8456
4269 8377,6035,5590
4270 1695,6046
4271 1950,8379,2022,5210,3859,7447,361,6344
4272 1050,4711
4273 3149,5537,8408,7609,7231
4274 2003,6627,844,6572
4275 7978,2001,8362
4276 491,8261
4277 1733,3051
4278 1211,6063
4279 65,6619,853
4280 8314,1211,3105
4281 1178,3318,8296
4282 15,4198
4283 2476,3493
4284 4605,3256,567,6198,7967,7002,912,4200,3299,6099,6496
4285 8130,4211,2379,3880
4286 382,8096
4287 5484,3893,6816
4288 2759,6452,2417
4289 608,6421
4290 1328,2517,1889
4291 7905,491,3652,3149,638,8261
4292 2006,7967
4293 671,6452
4294 1658,6376
4295 7661,1351,1283,4666
4296 8486,4365,7607,4364
4297 1401,6058,3453
4298 8379,2022,2968
4299 8408,5537,7231,2565,7905
4300 7830,6295
4301 1884,2600
4302 5537,8408,7609,7231
4303 1617,8458
4304 6099,7284,2517
4305 3864,7610
4306 100,178,3639
4307 7610,4240,456
4308 839,844
4309 3969,7938
4310 8151,3359
4311 4200,7002,5906,7967
4312 1923,6838
4313 4775,4368
4314 1718,874
4315 2041,4844
4316 1823,6277
4317 6332,1454
4318 4674,5088
4319 7218,4711
4320 2281,3697,5098,2839,1579
4321 1962,1855
4322 2080,5801,236
4323 6207,4722,3370,147
4324 6119,6881,2022
4325 4346,2983
4326 6776,8109
4327 1768,5248
4328 5659,7102
4329 3658,4933,5632
4330 63,950
4331 6168,269,5972
4332 6921,2383,5253
4333 864,7814,1104,8140,6433
4334 5386,2900
4335 8442,6592
4336 1545,2517,6496
4337 3388,2463,7985
4338 4458,4367
4339 7561,6237,3138
4340 6945,8322
4341 837,6656,3048
4342 7090,6461
4343 8516,8266,298
4344 386,8431,6277
4345 6886,1240,2407
4346 5606,7229,5249
4347 4143,1529,652
4348 2763,1936
4349 2978,3609
4350 4586,4430,7507,912
4351 3893,6816,1382,7573
4352 8476,5906,2794
4353 322,2728
4354 5093,1009,7508
4355 3318,8379,5595
4356 3859,7447,8379
4357 80,6992
4358 8272,3005
4359 4369,4030
4360 8244,4169
4361 245,7107
4362 5906,6605,1073,1275
4363 1707,2177,4897
4364 96,8176
4365 1949,860
4366 254,3513,4226
4367 6332,823
4368 2298,4931
4369 6572,2373,844
4370 809,1683
4371 3658,5210,5764,2022,8379
4372 1733,3548
4373 5973,4712
4374 4296,456,2623
4375 1485,6668
4376 16,5751
4377 2001,1426
4378 6496,8284,6633,1252,7569,5731,7002,2517,4527,3513
4379 3799,7082,1905,4198,1252,2280,1009,15
4380 874,5054,5241
4381 3981,4196
4382 6294,5435,2853
4383 4132,4208
4384 1636,6905,1271,2691,3159,7806
4385 6365,2085
4386 3810,5031,7093
4387 1936,2763,1252,5859
4388 1713,2466,1979
4389 764,4745
4390 4413,5761,844
4391 6977,298,1493
4392 6372,6974
4393 616,5554,1898
4394 976,3370
4395 6572,4617,4099,2032,5604,503,2576
4396 8120,4038,3583
4397 2062,6568
4398 7475,2155
4399 5544,5916,433
4400 4003,2644,8072,941
4401 280,3175
4402 8470,7900
4403 6281,432,416
4404 4141,7723,359,7264
4405 3256,6099,7034,7002
4406 1647,2527
4407 6099,1513
4408 8137,6242,2281,2839
4409 4727,1619,247,4995,2393
4410 7889,3590
4411 3187,6229
4412 4509,908,7729
4413 6852,7554,3687,8558
4414 665,4413,259,4196
4415 3044,2482,5338
4416 7795,1273
4417 5761,7817,7806
4418 1532,3463
4419 4366,8598
4420 4986,2427
4421 890,3015
4422 2364,4952
4423 5985,8263
4424 8148,8195
4425 3530,3315
4426 2636,5177,2517
4427 3370,4262
4428 5800,2027,6498
4429 2780,608
4430 2193,4045
4431 1741,7566,5761
4432 503,1709,4099,6840,802,2122
4433 7737,6531
4434 1243,7285
4435 4710,8314,6866,4554
4436 4420,2522,1703
4437 5354,6090,2129,5307
4438 2435,8178
4439 4610,4346
4440 2255,3665
4441 519,870
4442 6445,7554,3687,2608,5700,6449,7223
4443 3272,852
4444 2022,3318,2983
4445 2122,6840,8444
4446 8362,5911
4447 7366,3626
4448 3583,1218
4449 6869,2
4450 8456,1962,259,665,1252
4451 704,5054
4452 7261,4755
4453 6496,1727,7002
4454 2983,2022
4455 3893,844,233
4456 2134,6886
4457 180,7806,1962,4413,5946
4458 6520,379
4459 1576,5577
4460 5780,5401,8465,2010,1481,875,6143,2568,8164,6534
4461 2001,6032
4462 5154,905,2944
4463 1351,2838
4464 8486,4364,3367,6768
4465 5566,7848
4466 6498,3109,2027,2661
4467 4509,7729,5014
4468 2670,2446,2347
4469 3256,7002,7817,7967
4470 4066,2759,6452
4471 371,6454,6618
4472 1879,3256,671,3052,3299
4473 354,2693
4474 7002,8128,4198,7598,5884
4475 6758,8372
4476 5992,913
4477 7187,4798
4478 4413,5946,7862
4479 1827,5375,4429
4480 6881,1713,6119
4481 4163,3671,5114
4482 4413,844,7566
4483 4148,2920,6087
4484 4405,1879
4485 1055,7680,4900,8394
4486 1015,4860
4487 1936,2691
4488 2239,7020,8194
4489 7873,3135
4490 1767,6687
4491 2824,8302
4492 8029,1263
4493 5021,8296,3318,1178
4494 4578,7015
4495 7648,7579
4496 5539,7358,7487
4497 913,269,1962,1252
4498 4363,1936,8120
4499 4066,1303,6818,3664,5253,1099
4500 3799,837
4501 5145,6235
4502 4862,6641
4503 1454,823
4504 5394,1632
4505 7032,973
4506 8399,2582
4507 5194,327
4508 5764,79,6685,5210
4509 285,3593,2332,2343,6659,5318
4510 3364,2681
4511 7879,3564,7340
4512 6564,180
4513 3256,5372
4514 7585,3732,6060,1702,3645,6883,2171,8161,4838
4515 4692,1125
4516 4947,164
4517 1206,1698,5853,7575
4518 7231,5537
4519 4274,7945
4520 8593,6534
4521 3457,3122
4522 1316,1290,3193
4523 4360,7886
4524 5859,5456
4525 4755,6745,874
4526 7702,1874
4527 6905,2517,2691
4528 1059,3846
4529 7927,5334
4530 4228,2276
4531 7000,8055,6335
4532 1084,5584
4533 7919,7456
4534 5472,8034,8006,5468
4535 5906,1211,2431
4536 343,7187
4537 6285,2280,1244,309
4538 473,288,3370,5385,905,6207
4539 1009,4099,1627,4617
4540 2798,2155,700
4541 7806,1594,6536,7817
4542 7806,1594
4543 2239,2373,5940
4544 2525,7979,16,5751
4545 2934,6553,4114
4546 5601,166
4547 6605,1344
4548 8640,8490
4549 4429,1154
4550 6716,3984
4551 5755,6476
4552 168,1926,2926,6659,3593,5286,4860,3672,7180,7700
4553 6073,3583
4554 5990,7152
4555 7522,5432,3677
4556 4527,7447,5764
4557 7504,2386
4558 3893,5153
4559 1984,7378
4560 5761,4753
4561 4785,4619
4562 7584,433,5544,3843
4563 7136,7083
4564 6757,7002,6633
4565 1713,2764,4191,8096,6551,1655,7398
4566 2527,2032,1647,6840
4567 5289,5017,3156
4568 7065,5554,6633,16,3715
4569 242,617
4570 2080,833,8216,3240,5076,6485,5926,2063
4571 8284,3299,3256,6099,7002,7034
4572 7896,6073
4573 1233,4099,5063
4574 2713,8443
4575 3256,3705,2517
4576 4666,2001,3123,5520,4676,3779
4577 7862,5946,7806
4578 6452,4646,7889,3924,987,2552,302,4321,1943
4579 6099,7284,7002,1879
4580 3143,6846
4581 4548,7041
4582 6846,2339
4583 5275,5327,8239
4584 5438,5595
4585 3677,3233,7522
4586 3799,1112
4587 2691,8487,3142,5054
4588 7309,6866
4589 1741,321,1454
4590 1246,6858
4591 6037,3054
4592 6620,5766
4593 6905,1271,6495,2691,4531,6285,3159
4594 2794,2916
4595 6099,6452,7002,7569
4596 992,3334
4597 5696,166
4598 1991,3942,6605
4599 4195,5117,5512
4600 4003,714
4601 3859,6166,7333,1213,2211
4602 4710,6854,6866,5326
4603 4482,3319
4604 754,1008,3656
4605 2934,7285
4606 4504,1905
4607 6198,4265
4608 7447,5210,1764,5764
4609 5550,4605,7004,3923
4610 8332,6813,5721,8536,2921
4611 6176,1052
4612 1741,321
4613 5307,5529
4614 2003,3799,1252,7886,8456,665,1905,4437
4615 2053,1131
4616 5021,1178,8379,2242,5595,3318
4617 2283,4288,493,8305,4319,1811,8515
4618 282,8297,8635
4619 855,1579,6198
4620 8213,5984
4621 8104,6073,2780,608,4413,1936
4622 8080,4401
4623 3254,1159
4624 4364,7607
4625 5014,4509,757
4626 4538,1573
4627 6285,6495,1271,2691
4628 8305,5435
4629 8206,3771,2176
4630 7084,2336
4631 6368,7177
4632 4070,5694
4633 617,6085,2788
4634 3660,7146,6093
4635 6519,3194
4636 79,1689,5210
4637 7479,5364
4638 2081,7829
4639 1594,3057,7002,1741
4640 724,947,704
4641 5054,2691,2517,3142,7002
4642 2926,8201
4643 7002,5550,8120,5731,5943
4644 73,4750
4645 7598,7082,2139,1252,1905,5859,201
4646 7712,7042
4647 2816,1662,1198
4648 5699,3859,5438
4649 8456,665,6513
4650 96,2129,6224
4651 7164,65
4652 1360,3517
4653 6496,6099,2856
4654 3785,1879,7002,6452,6099,7284
4655 4413,1623
4656 2910,2816,2211
4657 5595,2242,8296
4658 5577,6488
4659 2681,5237
4660 3583,6605,1718
4661 814,5054
4662 296,4546
4663 4986,5240,2427
4664 2265,1741,3658,5761,4413
4665 3564,5764
4666 8314,4554
4667 2859,1508
4668 2921,7521,2072
4669 5414,5477
4670 2469,27
4671 4091,5764
4672 1879,1138,6164
4673 5241,269,4755
4674 3513,2856,2749,492,7284
4675 7137,4523
4676 1979,3548,1733
4677 2363,4962
4678 4413,7806,1271
4679 6198,1953,2281
4680 5497,2350
4681 7461,4,1809
4682 1554,2383
4683 7886,2373,3525
4684 6039,7008
4685 6203,517,2599
4686 5952,5984,2194
4687 8120,3583,7007,4527,5054,1718,8456,5441,4038,4755
4688 3299,6099,7002,2517
4689 8001,1926,7996
4690 3318,4644,6383,2022,420,4009
4691 1252,2691
4692 1926,7953
4693 180,4363
4694 3412,4829
4695 7239,4347,4757
4696 5595,8379
4697 908,6963,7906,5014
4698 3326,4119
4699 3705,4122,269
4700 5842,1084,6594
4701 4452,4193
4702 3715,7684
4703 3103,1757
4704 480,4509
4705 4829,8634,4413,5979
4706 7034,582,4605
4707 3418,390,2857
4708 51,8585
4709 7894,960
4710 8135,6864
4711 3893,7374,844
4712 4228,6551
4713 8033,4753,7374,6809
4714 2728,4920
4715 4833,6090
4716 2010,5401
4717 367,6162
4718 8384,3128,4054,6364
4719 3495,2265
4720 4503,5395,910
4721 624,1727
4722 5096,5275
4723 5351,4310
4724 4759,5262
4725 426,104
4726 7093,1727
4727 5930,720,7475
4728 2032,4099,503
4729 4147,6522
4730 6409,3108
4731 1238,5215,816
4732 5583,7016,3329,139
4733 897,5659
4734 2946,7199,6329,3741
4735 4920,7542
4736 6791,4970
4737 7984,4632
4738 4265,3886
4739 7416,871
4740 7960,4488,4171
4741 1060,926
4742 5043,4306
4743 6396,4535
4744 2233,6346
4745 1162,1623
4746 2022,598,5438,1178
4747 8612,2828,6204
4748 6723,6680,211
4749 3451,5592
4750 2966,3535,6910
4751 7130,4245
4752 4616,124
4753 2156,7806
4754 6495,3159,5946,7806,4413
4755 7569,1630,6496,2517,7002,3256
4756 810,6111
4757 6840,8444,2032
4758 2676,5060
4759 1197,8412,7457,8332
4760 1663,7463
4761 3893,5153,8194,2239,1703
4762 368,4968
4763 4601,2412,3211
4764 2215,7566,7582,6859
4765 7682,690
4766 2003,6627,5761
4767 5464,8055,6335
4768 6627,2265,4413
4769 1035,5859,5739,3238,1905,4632,5906,2794,1218,4385
4770 4268,7003,8538,939,3010
4771 6767,222
4772 6572,4306
4773 7281,2017
4774 1905,2794,5906,6605
4775 4549,6085
4776 6416,5400
4777 7262,858
4778 8324,4413,7340
4779 5140,2400
4780 7484,8319
4781 2691,1562,4413
4782 4662,2615
4783 1213,3353
4784 5604,2032,503
4785 417,8327
4786 6203,90
4787 491,638,1882
4788 8104,608
4789 8261,7905,3652,3149
4790 1299,663
4791 6916,3122
4792 5859,317,3893,844
4793 7998,7260
4794 6547,6373
4795 5569,3831
4796 8201,5286,2926
4797 1905,269,7598,3583
4798 6421,1244,7374,5635
4799 6825,2361
4800 1825,1244,585,2383
4801 2820,2489,4076
4802 1029,92,2233
4803 3886,7817,7806
4804 8251,4086
4805 1009,8043,7886,1718,2794,4187,7082,7442,2003,5859,5906,8456,1252,1905,1936,4196,2492,2148,334,5766
4806 7437,6866
4807 7998,3626
4808 5764,4644
4809 2942,8609
4810 7142,6816
4811 2188,5632
4812 3788,1654
4813 6974,7963,4123,7452,4322
4814 5214,5215
4815 1389,3455
4816 8311,8219
4817 7173,7114
4818 3893,7573,6816
4819 903,4249
4820 4963,8559,4349
4821 7002,7569,6099,2517,8284,1879
4822 4527,2517,3299
4823 7967,8120
4824 7018,3652,6570
4825 5374,8613
4826 3182,4524
4827 6198,3886,4413,2824
4828 4413,7158,6996
4829 5060,6111
4830 6183,6619,705,3909
4831 8245,813
4832 6654,3862
4833 8194,2003,6572
4834 5138,1727
4835 7962,7178,4917
4836 8105,4686,7054
4837 6344,361,4107
4838 1752,1470
4839 7870,1839,3807
4840 7096,3449
4841 705,1379
4842 5604,802
4843 4694,390
4844 2780,2239,7896,6073
4845 805,757,4509,908,5014,6963
4846 956,7525
4847 2804,1533
4848 792,6887
4849 3705,6099,874,3256,6627,2759,8284,7967,2691,7569,7002
4850 4163,6320,5114,3815
4851 1468,2126,1905
4852 2996,79
4853 7002,5943,2517
4854 1709,532,1627,5604,4099,6840
4855 7118,6844,3695,6146,2099
4856 1549,3923
4857 7980,3198,8574
4858 7374,5761,6809
4859 610,4098
4860 7465,2860,8332
4861 456,4240,3202
4862 1713,7002,553
4863 6818,1773
4864 1630,6955,2373
4865 1936,3525
4866 8372,6758,5414,232
4867 1943,5884
4868 2658,4819,2763
4869 1811,2283,2664,5412,2773
4870 1451,3142
4871 8146,1019,1630
4872 1297,2239
4873 4296,7133,3370,5385,5121
4874 1702,2070,5884
4875 8251,5595,598
4876 2992,4789
4877 1252,2148,7002
4878 8610,5515,7249
4879 4580,3622
4880 8084,1943,2872
4881 4624,8596
4882 844,2265
4883 5468,6035
4884 8634,7093
4885 8148,6265,7022,7238,8519
4886 3181,1910
4887 704,724
4888 1989,7093
4889 626,6418
4890 4644,8296
4891 7806,6285,844,1636,3159
4892 3996,8297
4893 2397,7502
4894 8630,8194,54
4895 46,5984
4896 4307,1737,1414,7242,7574,6183
4897 8284,5906,1630
4898 2098,1609
4899 4608,8157
4900 3838,8348
4901 8100,6428
4902 6553,2934
4903 3583,4038
4904 6789,5475
4905 5946,7806
4906 8456,2003,90,3799
4907 6168,4122,4198,5972
4908 166,3505,5601,1211
4909 3687,4592
4910 5271,5177,5744
4911 5038,643
4912 7721,2171
4913 2080,1474,236,5801,833
4914 2916,7004
4915 1862,5695,1336
4916 7475,2798,2155,5470
4917 7021,1009
4918 2143,1886
4919 4569,4831,912,3299,7002,4200
4920 1213,6344,79,6111,3893,1713,8152,5210,1689
4921 3081,6452,7262,3694,6664,891
4922 903,2031
4923 3142,3800
4924 7385,8043,1009,4617,8189
4925 3486,2212
4926 4512,3171
4927 7179,7203
4928 5412,2853,5435
4929 5014,4509,805
4930 823,7967,1195,6627
4931 404,754
4932 1829,6892,5724
4933 7709,7264,3745,359
4934 877,2948
4935 1257,1665,3575
4936 6666,4785
4937 1652,4677
4938 6617,2383
4939 4444,7002,5884,567,5906,4605
4940 5005,4148,6087,2920
4941 1839,3807,3650
4942 1271,4887
4943 3827,977
4944 5739,7739
4945 6505,6306
4946 5015,7705,3884
4947 3886,4249
4948 4632,2383
4949 5946,1673
4950 6866,3505
4951 3335,7570,7906
4952 1687,3736
4953 6496,567
4954 844,3183
4955 5060,2996
4956 6224,1601
4957 8558,7934
4958 8001,5286,539,1926
4959 7566,4413,321
4960 3254,5435,493
4961 8069,2672
4962 238,8516
4963 6198,6531
4964 2359,2875
4965 1627,1244,3458
4966 7582,6428,6859,2215
4967 1594,7817
4968 1420,2383
4969 5773,3951,7312
4970 8092,7972
4971 6633,3299,6472,3256,1733,4527,1979
4972 3924,3335,302
4973 4916,1185
4974 5171,4837
4975 2347,3336,3784,4960
4976 1513,2305
4977 7764,3041
4978 707,1850
4979 5940,2843
4980 4225,7960
4981 6582,2469,27
4982 2391,3551,328
4983 844,6782,1195,5761
4984 1425,2156,7806,3525
4985 6452,753
4986 3013,1713
4987 2445,4197
4988 7201,4301
4989 6306,826
4990 2313,6053
4991 3365,7017
4992 2546,956
4993 1905,2003,1907,7114,90,2425,408,7007,7173,7598,7830,3799,2882,4022,5721
4994 4390,616,2525
4995 963,6136,3582
4996 2373,1962,4531,8104,6572,2239
4997 1244,8623
4998 5879,5134
4999 7285,3583
